id,timestamp,x,y,z
1815483,2025-03-09 11:56:11.28,-0.118429,0.0643206,0.010756
1815485,2025-03-09 11:56:11.28,-0.118429,0.0643206,0.010756
1815486,2025-03-09 11:56:11.28,-0.118429,0.0643206,0.010756
1815482,2025-03-09 11:56:11.28,-0.118429,0.0643206,0.010756
1815484,2025-03-09 11:56:11.28,-0.118429,0.0643206,0.010756
1815487,2025-03-09 11:56:11.285,-0.118429,0.0643206,0.103666
1815488,2025-03-09 11:56:11.285,-0.0949261,0.029892,0.103666
1815489,2025-03-09 11:56:11.285,-0.0949261,0.029892,0.103666
1815490,2025-03-09 11:56:11.285,-0.0949261,0.029892,0.103666
1815491,2025-03-09 11:56:11.285,-0.0949261,0.029892,0.103666
1815492,2025-03-09 11:56:11.285,-0.0949261,0.029892,0.103666
1815493,2025-03-09 11:56:11.29,-0.0773147,-0.0136361,0.174354
1815494,2025-03-09 11:56:11.29,-0.0773147,-0.0136361,0.174354
1815495,2025-03-09 11:56:11.29,-0.0773147,-0.0136361,0.174354
1815496,2025-03-09 11:56:11.29,-0.0773147,-0.0136361,0.174354
1815497,2025-03-09 11:56:11.29,-0.0773147,-0.0136361,0.174354
1815502,2025-03-09 11:56:11.295,-0.0663625,-0.0402203,0.254004
1815498,2025-03-09 11:56:11.295,-0.0663625,-0.0402203,0.254004
1815499,2025-03-09 11:56:11.295,-0.0663625,-0.0402203,0.254004
1815500,2025-03-09 11:56:11.295,-0.0663625,-0.0402203,0.254004
1815501,2025-03-09 11:56:11.295,-0.0663625,-0.0402203,0.254004
1815504,2025-03-09 11:56:11.3,-0.0404238,-0.068059,0.332073
1815505,2025-03-09 11:56:11.3,-0.0404238,-0.068059,0.332073
1815506,2025-03-09 11:56:11.3,-0.0404238,-0.068059,0.332073
1815503,2025-03-09 11:56:11.3,-0.0404238,-0.068059,0.332073
1815507,2025-03-09 11:56:11.3,-0.0404238,-0.068059,0.332073
1815508,2025-03-09 11:56:11.3,-0.0404238,-0.068059,0.332073
1815512,2025-03-09 11:56:11.305,-0.0103306,-0.117542,0.418249
1815509,2025-03-09 11:56:11.305,-0.0103306,-0.117542,0.418249
1815510,2025-03-09 11:56:11.305,-0.0103306,-0.117542,0.418249
1815511,2025-03-09 11:56:11.305,-0.0103306,-0.117542,0.418249
1815513,2025-03-09 11:56:11.305,-0.0103306,-0.117542,0.418249
1815514,2025-03-09 11:56:11.305,-0.0103306,-0.117542,0.418249
1815518,2025-03-09 11:56:11.31,-0.0104614,-0.157967,0.480701
1815521,2025-03-09 11:56:11.31,-0.0104614,-0.157967,0.480701
1815517,2025-03-09 11:56:11.31,-0.0104614,-0.157967,0.480701
1815515,2025-03-09 11:56:11.31,-0.0104614,-0.157967,0.480701
1815519,2025-03-09 11:56:11.31,-0.0104614,-0.157967,0.480701
1815520,2025-03-09 11:56:11.31,-0.0104614,-0.157967,0.480701
1815516,2025-03-09 11:56:11.311,-0.0104614,-0.157967,0.480701
1815523,2025-03-09 11:56:11.315,0.00210533,-0.197902,0.51384
1815522,2025-03-09 11:56:11.315,0.00210533,-0.197902,0.51384
1815524,2025-03-09 11:56:11.315,0.00210533,-0.197902,0.51384
1815525,2025-03-09 11:56:11.315,0.00210533,-0.197902,0.51384
1815526,2025-03-09 11:56:11.315,0.00210533,-0.197902,0.51384
1815527,2025-03-09 11:56:11.315,0.00210533,-0.197902,0.51384
1815528,2025-03-09 11:56:11.319,0.00807711,-0.238717,0.538229
1815529,2025-03-09 11:56:11.319,0.00807711,-0.238717,0.538229
1815531,2025-03-09 11:56:11.319,0.00807711,-0.238717,0.538229
1815533,2025-03-09 11:56:11.319,0.00807711,-0.238717,0.538229
1815534,2025-03-09 11:56:11.319,0.00807711,-0.238717,0.538229
1815530,2025-03-09 11:56:11.319,0.00807711,-0.238717,0.538229
1815532,2025-03-09 11:56:11.319,0.00807711,-0.238717,0.538229
1815539,2025-03-09 11:56:11.324,0.0131628,-0.262615,0.505281
1815536,2025-03-09 11:56:11.324,0.0131628,-0.262615,0.505281
1815537,2025-03-09 11:56:11.324,0.0131628,-0.262615,0.505281
1815538,2025-03-09 11:56:11.324,0.0131628,-0.262615,0.505281
1815535,2025-03-09 11:56:11.324,0.0131628,-0.262615,0.505281
1815545,2025-03-09 11:56:11.329,0.0301832,-0.269693,0.426113
1815540,2025-03-09 11:56:11.329,0.0131628,-0.262615,0.426113
1815541,2025-03-09 11:56:11.329,0.0301832,-0.269693,0.426113
1815542,2025-03-09 11:56:11.329,0.0301832,-0.269693,0.426113
1815543,2025-03-09 11:56:11.329,0.0301832,-0.269693,0.426113
1815544,2025-03-09 11:56:11.329,0.0301832,-0.269693,0.426113
1815546,2025-03-09 11:56:11.329,0.0301832,-0.269693,0.426113
1815547,2025-03-09 11:56:11.329,0.0301832,-0.269693,0.426113
1815549,2025-03-09 11:56:11.334,0.0469719,-0.262228,0.2926
1815551,2025-03-09 11:56:11.334,0.0469719,-0.262228,0.2926
1815552,2025-03-09 11:56:11.334,0.0469719,-0.262228,0.2926
1815553,2025-03-09 11:56:11.334,0.0469719,-0.262228,0.2926
1815548,2025-03-09 11:56:11.334,0.0469719,-0.262228,0.2926
1815550,2025-03-09 11:56:11.335,0.0469719,-0.262228,0.2926
1815559,2025-03-09 11:56:11.339,0.0561075,-0.2282,0.129893
1815554,2025-03-09 11:56:11.339,0.0561075,-0.2282,0.129893
1815555,2025-03-09 11:56:11.339,0.0561075,-0.2282,0.129893
1815556,2025-03-09 11:56:11.339,0.0561075,-0.2282,0.129893
1815557,2025-03-09 11:56:11.339,0.0561075,-0.2282,0.129893
1815558,2025-03-09 11:56:11.339,0.0561075,-0.2282,0.129893
1815561,2025-03-09 11:56:11.344,0.0588041,-0.190045,-0.0477977
1815560,2025-03-09 11:56:11.344,0.0588041,-0.190045,-0.0477977
1815562,2025-03-09 11:56:11.344,0.0588041,-0.190045,-0.0477977
1815563,2025-03-09 11:56:11.344,0.0588041,-0.190045,-0.0477977
1815564,2025-03-09 11:56:11.344,0.0588041,-0.190045,-0.0477977
1815565,2025-03-09 11:56:11.344,0.0588041,-0.190045,-0.0477977
1815566,2025-03-09 11:56:11.344,0.0588041,-0.190045,-0.0477977
1815570,2025-03-09 11:56:11.349,0.0775726,-0.143793,-0.276331
1815567,2025-03-09 11:56:11.349,0.0775726,-0.143793,-0.276331
1815571,2025-03-09 11:56:11.349,0.0775726,-0.143793,-0.276331
1815568,2025-03-09 11:56:11.349,0.0775726,-0.143793,-0.276331
1815569,2025-03-09 11:56:11.349,0.0775726,-0.143793,-0.276331
1815577,2025-03-09 11:56:11.354,0.122723,-0.0689545,-0.480817
1815578,2025-03-09 11:56:11.354,0.122723,-0.0689545,-0.480817
1815579,2025-03-09 11:56:11.354,0.122723,-0.0689545,-0.480817
1815572,2025-03-09 11:56:11.354,0.122723,-0.0689545,-0.480817
1815573,2025-03-09 11:56:11.354,0.122723,-0.0689545,-0.480817
1815574,2025-03-09 11:56:11.354,0.122723,-0.0689545,-0.480817
1815576,2025-03-09 11:56:11.354,0.122723,-0.0689545,-0.480817
1815575,2025-03-09 11:56:11.355,0.122723,-0.0689545,-0.480817
1815580,2025-03-09 11:56:11.359,0.146435,0.00608063,-0.638004
1815581,2025-03-09 11:56:11.359,0.146435,0.00608063,-0.638004
1815582,2025-03-09 11:56:11.359,0.146435,0.00608063,-0.638004
1815583,2025-03-09 11:56:11.359,0.146435,0.00608063,-0.638004
1815584,2025-03-09 11:56:11.359,0.146435,0.00608063,-0.638004
1815585,2025-03-09 11:56:11.359,0.146435,0.00608063,-0.638004
1815586,2025-03-09 11:56:11.363,0.154816,0.0673771,-0.742616
1815587,2025-03-09 11:56:11.363,0.154816,0.0673771,-0.742616
1815588,2025-03-09 11:56:11.363,0.154816,0.0673771,-0.742616
1815589,2025-03-09 11:56:11.363,0.154816,0.0673771,-0.742616
1815590,2025-03-09 11:56:11.363,0.154816,0.0673771,-0.742616
1815591,2025-03-09 11:56:11.363,0.154816,0.0673771,-0.742616
1815596,2025-03-09 11:56:11.368,0.177738,0.109268,-0.798781
1815592,2025-03-09 11:56:11.368,0.177738,0.109268,-0.798781
1815593,2025-03-09 11:56:11.368,0.177738,0.109268,-0.798781
1815594,2025-03-09 11:56:11.368,0.177738,0.109268,-0.798781
1815595,2025-03-09 11:56:11.368,0.177738,0.109268,-0.798781
1815597,2025-03-09 11:56:11.373,0.199912,0.14972,-0.784346
1815599,2025-03-09 11:56:11.373,0.199912,0.14972,-0.784346
1815600,2025-03-09 11:56:11.373,0.199912,0.14972,-0.784346
1815601,2025-03-09 11:56:11.373,0.199912,0.14972,-0.784346
1815598,2025-03-09 11:56:11.374,0.199912,0.14972,-0.784346
1815603,2025-03-09 11:56:11.378,0.194523,0.180334,-0.68674
1815602,2025-03-09 11:56:11.378,0.194523,0.180334,-0.68674
1815604,2025-03-09 11:56:11.378,0.194523,0.180334,-0.68674
1815605,2025-03-09 11:56:11.378,0.194523,0.180334,-0.68674
1815606,2025-03-09 11:56:11.383,0.208653,0.155874,-0.544456
1815607,2025-03-09 11:56:11.383,0.208653,0.155874,-0.544456
1815608,2025-03-09 11:56:11.383,0.208653,0.155874,-0.544456
1815609,2025-03-09 11:56:11.383,0.208653,0.155874,-0.544456
1815613,2025-03-09 11:56:11.388,0.236703,0.14541,-0.405128
1815610,2025-03-09 11:56:11.388,0.236703,0.14541,-0.405128
1815612,2025-03-09 11:56:11.388,0.236703,0.14541,-0.405128
1815614,2025-03-09 11:56:11.388,0.236703,0.14541,-0.405128
1815615,2025-03-09 11:56:11.388,0.236703,0.14541,-0.405128
1815611,2025-03-09 11:56:11.389,0.236703,0.14541,-0.405128
1815616,2025-03-09 11:56:11.389,0.236703,0.14541,-0.405128
1815618,2025-03-09 11:56:11.393,0.257794,0.111698,-0.257758
1815619,2025-03-09 11:56:11.393,0.257794,0.111698,-0.257758
1815620,2025-03-09 11:56:11.393,0.257794,0.111698,-0.257758
1815622,2025-03-09 11:56:11.393,0.257794,0.111698,-0.257758
1815621,2025-03-09 11:56:11.393,0.257794,0.111698,-0.257758
1815617,2025-03-09 11:56:11.393,0.257794,0.111698,-0.257758
1815623,2025-03-09 11:56:11.398,0.266093,0.0368485,-0.134226
1815624,2025-03-09 11:56:11.398,0.266093,0.0368485,-0.134226
1815626,2025-03-09 11:56:11.398,0.266093,0.0368485,-0.134226
1815627,2025-03-09 11:56:11.398,0.266093,0.0368485,-0.134226
1815628,2025-03-09 11:56:11.398,0.266093,0.0368485,-0.134226
1815629,2025-03-09 11:56:11.399,0.266093,0.0368485,-0.134226
1815625,2025-03-09 11:56:11.399,0.266093,0.0368485,-0.134226
1815632,2025-03-09 11:56:11.403,0.261577,-0.025351,-0.0699744
1815633,2025-03-09 11:56:11.403,0.261577,-0.025351,-0.0699744
1815634,2025-03-09 11:56:11.403,0.261577,-0.025351,-0.0699744
1815635,2025-03-09 11:56:11.403,0.261577,-0.025351,-0.0699744
1815630,2025-03-09 11:56:11.403,0.261577,-0.025351,-0.0699744
1815631,2025-03-09 11:56:11.403,0.261577,-0.025351,-0.0699744
1815639,2025-03-09 11:56:11.408,0.199117,-0.101375,-0.0453033
1815636,2025-03-09 11:56:11.408,0.199117,-0.101375,-0.0453033
1815638,2025-03-09 11:56:11.408,0.199117,-0.101375,-0.0453033
1815640,2025-03-09 11:56:11.408,0.199117,-0.101375,-0.0453033
1815641,2025-03-09 11:56:11.409,0.199117,-0.101375,-0.0453033
1815637,2025-03-09 11:56:11.409,0.199117,-0.101375,-0.0453033
1815642,2025-03-09 11:56:11.412,0.107274,-0.13648,-0.0136194
1815643,2025-03-09 11:56:11.412,0.107274,-0.13648,-0.0136194
1815644,2025-03-09 11:56:11.412,0.107274,-0.13648,-0.0136194
1815645,2025-03-09 11:56:11.412,0.107274,-0.13648,-0.0136194
1815646,2025-03-09 11:56:11.412,0.107274,-0.13648,-0.0136194
1815647,2025-03-09 11:56:11.412,0.107274,-0.13648,-0.0136194
1815648,2025-03-09 11:56:11.412,0.107274,-0.13648,-0.0136194
1815649,2025-03-09 11:56:11.417,-0.0201874,-0.14664,-0.00212812
1815650,2025-03-09 11:56:11.417,-0.0201874,-0.14664,-0.00212812
1815651,2025-03-09 11:56:11.417,-0.0201874,-0.14664,-0.00212812
1815652,2025-03-09 11:56:11.417,-0.0201874,-0.14664,-0.00212812
1815653,2025-03-09 11:56:11.417,-0.0201874,-0.14664,-0.00212812
1815654,2025-03-09 11:56:11.417,-0.0201874,-0.14664,-0.00212812
1815655,2025-03-09 11:56:11.417,-0.0201874,-0.14664,-0.00212812
1815657,2025-03-09 11:56:11.422,-0.148018,-0.158232,0.00479317
1815656,2025-03-09 11:56:11.422,-0.148018,-0.158232,0.00479317
1815658,2025-03-09 11:56:11.422,-0.148018,-0.158232,0.00479317
1815659,2025-03-09 11:56:11.422,-0.148018,-0.158232,0.00479317
1815660,2025-03-09 11:56:11.422,-0.148018,-0.158232,0.00479317
1815661,2025-03-09 11:56:11.423,-0.148018,-0.158232,0.00479317
1815663,2025-03-09 11:56:11.427,-0.223417,-0.148624,-0.0296931
1815664,2025-03-09 11:56:11.427,-0.223417,-0.148624,-0.0296931
1815666,2025-03-09 11:56:11.427,-0.223417,-0.148624,-0.0296931
1815668,2025-03-09 11:56:11.427,-0.223417,-0.148624,-0.0296931
1815662,2025-03-09 11:56:11.427,-0.223417,-0.148624,-0.0296931
1815667,2025-03-09 11:56:11.427,-0.223417,-0.148624,-0.0296931
1815665,2025-03-09 11:56:11.428,-0.223417,-0.148624,-0.0296931
1815674,2025-03-09 11:56:11.432,-0.221082,-0.109496,-0.118474
1815669,2025-03-09 11:56:11.432,-0.221082,-0.109496,-0.118474
1815670,2025-03-09 11:56:11.432,-0.221082,-0.109496,-0.118474
1815671,2025-03-09 11:56:11.432,-0.221082,-0.109496,-0.118474
1815672,2025-03-09 11:56:11.432,-0.221082,-0.109496,-0.118474
1815673,2025-03-09 11:56:11.432,-0.221082,-0.109496,-0.118474
1815675,2025-03-09 11:56:11.437,-0.170609,-0.0931201,-0.216178
1815676,2025-03-09 11:56:11.437,-0.170609,-0.0931201,-0.216178
1815677,2025-03-09 11:56:11.437,-0.170609,-0.0931201,-0.216178
1815678,2025-03-09 11:56:11.437,-0.170609,-0.0931201,-0.216178
1815679,2025-03-09 11:56:11.437,-0.170609,-0.0931201,-0.216178
1815680,2025-03-09 11:56:11.437,-0.170609,-0.0931201,-0.216178
1815681,2025-03-09 11:56:11.437,-0.170609,-0.0931201,-0.216178
1815682,2025-03-09 11:56:11.442,-0.149834,-0.0518703,-0.243172
1815683,2025-03-09 11:56:11.442,-0.149834,-0.0518703,-0.243172
1815684,2025-03-09 11:56:11.442,-0.149834,-0.0518703,-0.243172
1815685,2025-03-09 11:56:11.442,-0.149834,-0.0518703,-0.243172
1815686,2025-03-09 11:56:11.442,-0.149834,-0.0518703,-0.243172
1815687,2025-03-09 11:56:11.442,-0.149834,-0.0518703,-0.243172
1815693,2025-03-09 11:56:11.447,-0.119224,0.00448561,-0.232037
1815688,2025-03-09 11:56:11.447,-0.119224,0.00448561,-0.232037
1815689,2025-03-09 11:56:11.447,-0.119224,0.00448561,-0.232037
1815691,2025-03-09 11:56:11.447,-0.119224,0.00448561,-0.232037
1815692,2025-03-09 11:56:11.447,-0.119224,0.00448561,-0.232037
1815694,2025-03-09 11:56:11.447,-0.119224,0.00448561,-0.232037
1815690,2025-03-09 11:56:11.448,-0.119224,0.00448561,-0.232037
1815695,2025-03-09 11:56:11.452,-0.0130173,0.0496178,-0.197237
1815696,2025-03-09 11:56:11.452,-0.0130173,0.0496178,-0.197237
1815698,2025-03-09 11:56:11.452,-0.0130173,0.0496178,-0.197237
1815699,2025-03-09 11:56:11.452,-0.0130173,0.0496178,-0.197237
1815700,2025-03-09 11:56:11.452,-0.0130173,0.0496178,-0.197237
1815697,2025-03-09 11:56:11.452,-0.0130173,0.0496178,-0.197237
1815707,2025-03-09 11:56:11.457,0.0284136,0.080163,-0.229266
1815701,2025-03-09 11:56:11.457,0.0284136,0.080163,-0.229266
1815703,2025-03-09 11:56:11.457,0.0284136,0.080163,-0.229266
1815704,2025-03-09 11:56:11.457,0.0284136,0.080163,-0.229266
1815705,2025-03-09 11:56:11.457,0.0284136,0.080163,-0.229266
1815706,2025-03-09 11:56:11.457,0.0284136,0.080163,-0.229266
1815702,2025-03-09 11:56:11.458,0.0284136,0.080163,-0.229266
1815710,2025-03-09 11:56:11.461,0.122366,0.194645,-0.217041
1815708,2025-03-09 11:56:11.461,0.122366,0.194645,-0.217041
1815709,2025-03-09 11:56:11.461,0.122366,0.194645,-0.217041
1815711,2025-03-09 11:56:11.461,0.122366,0.194645,-0.217041
1815712,2025-03-09 11:56:11.461,0.122366,0.194645,-0.217041
1815713,2025-03-09 11:56:11.461,0.122366,0.194645,-0.217041
1815714,2025-03-09 11:56:11.466,0.21298,0.290031,-0.135785
1815715,2025-03-09 11:56:11.466,0.21298,0.290031,-0.135785
1815716,2025-03-09 11:56:11.466,0.21298,0.290031,-0.135785
1815717,2025-03-09 11:56:11.466,0.21298,0.290031,-0.135785
1815720,2025-03-09 11:56:11.466,0.21298,0.290031,-0.135785
1815719,2025-03-09 11:56:11.467,0.21298,0.290031,-0.135785
1815718,2025-03-09 11:56:11.467,0.21298,0.290031,-0.135785
1815721,2025-03-09 11:56:11.471,0.288714,0.347477,-0.0537119
1815722,2025-03-09 11:56:11.471,0.288714,0.347477,-0.0537119
1815723,2025-03-09 11:56:11.471,0.288714,0.347477,-0.0537119
1815724,2025-03-09 11:56:11.471,0.288714,0.347477,-0.0537119
1815725,2025-03-09 11:56:11.471,0.288714,0.347477,-0.0537119
1815726,2025-03-09 11:56:11.471,0.288714,0.347477,-0.0537119
1815727,2025-03-09 11:56:11.476,0.321417,0.330629,-0.064712
1815728,2025-03-09 11:56:11.476,0.321417,0.330629,-0.064712
1815729,2025-03-09 11:56:11.476,0.321417,0.330629,-0.064712
1815730,2025-03-09 11:56:11.476,0.321417,0.330629,-0.064712
1815731,2025-03-09 11:56:11.476,0.321417,0.330629,-0.064712
1815732,2025-03-09 11:56:11.476,0.321417,0.330629,-0.064712
1815733,2025-03-09 11:56:11.481,0.363844,0.25471,-0.104244
1815734,2025-03-09 11:56:11.481,0.363844,0.25471,-0.104244
1815735,2025-03-09 11:56:11.481,0.363844,0.25471,-0.104244
1815736,2025-03-09 11:56:11.481,0.363844,0.25471,-0.104244
1815737,2025-03-09 11:56:11.481,0.363844,0.25471,-0.104244
1815738,2025-03-09 11:56:11.481,0.363844,0.25471,-0.104244
1815739,2025-03-09 11:56:11.482,0.363844,0.25471,-0.104244
1815740,2025-03-09 11:56:11.486,0.565398,-0.192189,-0.279821
1815741,2025-03-09 11:56:11.486,0.565398,-0.192189,-0.279821
1815742,2025-03-09 11:56:11.486,0.565398,-0.192189,-0.279821
1815743,2025-03-09 11:56:11.486,0.565398,-0.192189,-0.279821
1815744,2025-03-09 11:56:11.486,0.565398,-0.192189,-0.279821
1815745,2025-03-09 11:56:11.486,0.565398,-0.192189,-0.279821
1815746,2025-03-09 11:56:11.491,0.495574,-0.430008,-0.545214
1815747,2025-03-09 11:56:11.491,0.495574,-0.430008,-0.545214
1815748,2025-03-09 11:56:11.491,0.495574,-0.430008,-0.545214
1815749,2025-03-09 11:56:11.491,0.495574,-0.430008,-0.545214
1815750,2025-03-09 11:56:11.491,0.495574,-0.430008,-0.545214
1815751,2025-03-09 11:56:11.491,0.495574,-0.430008,-0.545214
1815752,2025-03-09 11:56:11.492,0.495574,-0.430008,-0.545214
1815753,2025-03-09 11:56:11.496,-0.0421602,-0.17595,-0.372248
1815754,2025-03-09 11:56:11.496,-0.0421602,-0.17595,-0.372248
1815755,2025-03-09 11:56:11.496,-0.0421602,-0.17595,-0.372248
1815756,2025-03-09 11:56:11.496,-0.0421602,-0.17595,-0.372248
1815757,2025-03-09 11:56:11.496,-0.0421602,-0.17595,-0.372248
1815758,2025-03-09 11:56:11.496,-0.0421602,-0.17595,-0.372248
1815763,2025-03-09 11:56:11.501,-0.473495,0.23642,-0.130789
1815759,2025-03-09 11:56:11.501,-0.473495,0.23642,-0.130789
1815760,2025-03-09 11:56:11.501,-0.473495,0.23642,-0.130789
1815761,2025-03-09 11:56:11.501,-0.473495,0.23642,-0.130789
1815762,2025-03-09 11:56:11.501,-0.473495,0.23642,-0.130789
1815764,2025-03-09 11:56:11.501,-0.473495,0.23642,-0.130789
1815765,2025-03-09 11:56:11.501,-0.473495,0.23642,-0.130789
1815767,2025-03-09 11:56:11.505,-0.408812,0.487217,0.0163407
1815768,2025-03-09 11:56:11.505,-0.408812,0.487217,0.0163407
1815770,2025-03-09 11:56:11.505,-0.408812,0.487217,0.0163407
1815766,2025-03-09 11:56:11.505,-0.408812,0.487217,0.0163407
1815771,2025-03-09 11:56:11.505,-0.408812,0.487217,0.0163407
1815769,2025-03-09 11:56:11.506,-0.408812,0.487217,0.0163407
1815775,2025-03-09 11:56:11.51,-0.0821117,0.493228,0.0131917
1815772,2025-03-09 11:56:11.51,-0.0821117,0.493228,0.0131917
1815774,2025-03-09 11:56:11.51,-0.0821117,0.493228,0.0131917
1815776,2025-03-09 11:56:11.51,-0.0821117,0.493228,0.0131917
1815777,2025-03-09 11:56:11.51,-0.0821117,0.493228,0.0131917
1815773,2025-03-09 11:56:11.511,-0.0821117,0.493228,0.0131917
1815779,2025-03-09 11:56:11.515,0.182095,0.34667,-0.00720072
1815783,2025-03-09 11:56:11.515,0.182095,0.34667,-0.00720072
1815781,2025-03-09 11:56:11.515,0.182095,0.34667,-0.00720072
1815780,2025-03-09 11:56:11.515,0.182095,0.34667,-0.00720072
1815782,2025-03-09 11:56:11.515,0.182095,0.34667,-0.00720072
1815778,2025-03-09 11:56:11.516,0.182095,0.34667,-0.00720072
1815785,2025-03-09 11:56:11.52,0.281602,0.135858,0.00956678
1815784,2025-03-09 11:56:11.52,0.281602,0.135858,0.00956678
1815787,2025-03-09 11:56:11.52,0.281602,0.135858,0.00956678
1815788,2025-03-09 11:56:11.52,0.281602,0.135858,0.00956678
1815789,2025-03-09 11:56:11.52,0.281602,0.135858,0.00956678
1815790,2025-03-09 11:56:11.52,0.281602,0.135858,0.00956678
1815791,2025-03-09 11:56:11.52,0.281602,0.135858,0.00956678
1815786,2025-03-09 11:56:11.521,0.281602,0.135858,0.00956678
1815793,2025-03-09 11:56:11.525,0.272916,-0.0182128,0.00214386
1815794,2025-03-09 11:56:11.525,0.272916,-0.0182128,0.00214386
1815795,2025-03-09 11:56:11.525,0.272916,-0.0182128,0.00214386
1815796,2025-03-09 11:56:11.525,0.272916,-0.0182128,0.00214386
1815792,2025-03-09 11:56:11.525,0.272916,-0.0182128,0.00214386
1815803,2025-03-09 11:56:11.53,0.194517,-0.0635014,-0.0496988
1815802,2025-03-09 11:56:11.53,0.194517,-0.0635014,-0.0496988
1815797,2025-03-09 11:56:11.53,0.194517,-0.0635014,-0.0496988
1815798,2025-03-09 11:56:11.53,0.194517,-0.0635014,-0.0496988
1815799,2025-03-09 11:56:11.53,0.194517,-0.0635014,-0.0496988
1815800,2025-03-09 11:56:11.53,0.194517,-0.0635014,-0.0496988
1815801,2025-03-09 11:56:11.53,0.194517,-0.0635014,-0.0496988
1815808,2025-03-09 11:56:11.535,0.0988036,-0.0305896,-0.0708141
1815804,2025-03-09 11:56:11.535,0.0988036,-0.0305896,-0.0708141
1815805,2025-03-09 11:56:11.535,0.0988036,-0.0305896,-0.0708141
1815806,2025-03-09 11:56:11.535,0.0988036,-0.0305896,-0.0708141
1815807,2025-03-09 11:56:11.535,0.0988036,-0.0305896,-0.0708141
1815809,2025-03-09 11:56:11.535,0.0988036,-0.0305896,-0.0708141
1815810,2025-03-09 11:56:11.54,0.0238595,0.028542,-0.000674248
1815811,2025-03-09 11:56:11.54,0.0238595,0.028542,-0.000674248
1815812,2025-03-09 11:56:11.54,0.0238595,0.028542,-0.000674248
1815813,2025-03-09 11:56:11.54,0.0238595,0.028542,-0.000674248
1815814,2025-03-09 11:56:11.54,0.0238595,0.028542,-0.000674248
1815815,2025-03-09 11:56:11.54,0.0238595,0.028542,-0.000674248
1815816,2025-03-09 11:56:11.545,-0.0385926,0.0327377,0.0639949
1815817,2025-03-09 11:56:11.545,-0.0385926,0.0327377,0.0639949
1815818,2025-03-09 11:56:11.545,-0.0385926,0.0327377,0.0639949
1815819,2025-03-09 11:56:11.545,-0.0385926,0.0327377,0.0639949
1815820,2025-03-09 11:56:11.545,-0.0385926,0.0327377,0.0639949
1815821,2025-03-09 11:56:11.545,-0.0385926,0.0327377,0.0639949
1815822,2025-03-09 11:56:11.545,-0.0385926,0.0327377,0.0639949
1815824,2025-03-09 11:56:11.55,-0.0445325,-0.0259972,0.124554
1815823,2025-03-09 11:56:11.55,-0.0445325,-0.0259972,0.124554
1815825,2025-03-09 11:56:11.55,-0.0445325,-0.0259972,0.124554
1815826,2025-03-09 11:56:11.55,-0.0445325,-0.0259972,0.124554
1815827,2025-03-09 11:56:11.55,-0.0445325,-0.0259972,0.124554
1815828,2025-03-09 11:56:11.55,-0.0445325,-0.0259972,0.124554
1815829,2025-03-09 11:56:11.554,-0.038476,-0.124782,0.244117
1815830,2025-03-09 11:56:11.554,-0.038476,-0.124782,0.244117
1815831,2025-03-09 11:56:11.559,-0.015769,-0.208888,0.345215
1815832,2025-03-09 11:56:11.564,-0.00136884,-0.219026,0.386404
1815833,2025-03-09 11:56:11.569,-0.0591377,-0.188918,0.382317
1815834,2025-03-09 11:56:11.574,-0.128904,-0.188936,0.354702
1815835,2025-03-09 11:56:11.579,-0.167883,-0.180643,0.347506
1815836,2025-03-09 11:56:11.584,-0.200313,-0.189046,0.340382
1815837,2025-03-09 11:56:11.589,-0.199908,-0.199755,0.386743
1815838,2025-03-09 11:56:11.594,-0.198161,-0.236725,0.469742
1815839,2025-03-09 11:56:11.598,-0.206631,-0.242741,0.446632
1815840,2025-03-09 11:56:11.603,-0.21261,-0.252383,0.318233
1815841,2025-03-09 11:56:11.608,-0.196987,-0.23926,0.155241
1815842,2025-03-09 11:56:11.613,-0.115538,-0.229578,0.00531578
1815843,2025-03-09 11:56:11.618,-0.0593958,-0.169649,-0.0238647
1815844,2025-03-09 11:56:11.623,-0.0596806,-0.0383964,-0.0509539
1815845,2025-03-09 11:56:11.628,-0.0536616,0.111342,-0.11512
1815846,2025-03-09 11:56:11.633,0.00648999,0.182027,-0.137662
1815847,2025-03-09 11:56:11.638,0.0614579,0.202589,-0.10686
1815848,2025-03-09 11:56:11.643,0.142362,0.173359,-0.0586929
1815849,2025-03-09 11:56:11.647,0.181417,0.139668,0.0211072
1815850,2025-03-09 11:56:11.652,0.12687,0.11447,0.0766068
1815851,2025-03-09 11:56:11.657,0.0341485,0.0928864,0.0665154
1815852,2025-03-09 11:56:11.662,-0.0871029,0.0630183,0.0269861
1815853,2025-03-09 11:56:11.667,-0.209848,0.020206,-0.0275211
1815854,2025-03-09 11:56:11.673,-0.321368,-0.0423737,-0.0388885
1815855,2025-03-09 11:56:11.677,-0.414905,-0.121075,-0.0549016
1815856,2025-03-09 11:56:11.682,-0.483648,-0.170703,-0.0458121
1815857,2025-03-09 11:56:11.688,-0.52558,-0.196452,-0.0437193
1815858,2025-03-09 11:56:11.692,-0.505107,-0.22123,-0.018754
1815859,2025-03-09 11:56:11.696,-0.449081,-0.228608,0.063458
1815860,2025-03-09 11:56:11.701,-0.374695,-0.234272,0.169275
1815861,2025-03-09 11:56:11.706,-0.340311,-0.206297,0.230926
1815862,2025-03-09 11:56:11.711,-0.307822,-0.182935,0.276058
1815863,2025-03-09 11:56:11.716,-0.252281,-0.180871,0.314389
1815864,2025-03-09 11:56:11.721,-0.176196,-0.182138,0.341247
1815865,2025-03-09 11:56:11.726,-0.11627,-0.155826,0.322298
1815866,2025-03-09 11:56:11.731,-0.0506202,-0.133016,0.29711
1815867,2025-03-09 11:56:11.737,0.0234717,-0.0922918,0.274045
1815868,2025-03-09 11:56:11.74,0.0989549,-0.0478296,0.19831
1815869,2025-03-09 11:56:11.745,0.153599,-0.0101919,0.103473
1815870,2025-03-09 11:56:11.75,0.18401,0.0326509,-0.00208044
1815871,2025-03-09 11:56:11.755,0.253709,0.0762353,-0.105461
1815872,2025-03-09 11:56:11.76,0.308315,0.13267,-0.234172
1815873,2025-03-09 11:56:11.766,0.400575,0.217635,-0.357429
1815874,2025-03-09 11:56:11.771,0.424898,0.295514,-0.423232
1815875,2025-03-09 11:56:11.775,0.417842,0.364605,-0.476494
1815876,2025-03-09 11:56:11.78,0.181181,0.101569,-0.724449
1815877,2025-03-09 11:56:11.785,0.10088,0.165759,-0.782187
1815878,2025-03-09 11:56:11.789,0.153289,0.353601,-0.730628
1815879,2025-03-09 11:56:11.794,0.358224,0.342551,-0.672895
1815880,2025-03-09 11:56:11.799,0.718079,-0.128241,-0.775086
1815881,2025-03-09 11:56:11.804,0.474145,-0.0358553,-0.594985
1815882,2025-03-09 11:56:11.809,0.171069,0.133923,-0.443316
1815883,2025-03-09 11:56:11.814,-0.00707576,0.184002,-0.295614
1815884,2025-03-09 11:56:11.819,-0.0925989,0.104096,-0.0563865
1815885,2025-03-09 11:56:11.825,-0.129049,-0.02318,0.130289
1815886,2025-03-09 11:56:11.829,-0.184586,-0.141998,0.216474
1815887,2025-03-09 11:56:11.833,-0.23683,-0.225353,0.279152
1815888,2025-03-09 11:56:11.838,-0.288627,-0.238016,0.297197
1815889,2025-03-09 11:56:11.843,-0.339191,-0.192295,0.260144
1815890,2025-03-09 11:56:11.848,-0.34503,-0.146745,0.218194
1815891,2025-03-09 11:56:11.853,-0.306742,-0.120205,0.215164
1815892,2025-03-09 11:56:11.858,-0.249723,-0.117233,0.20796
1815893,2025-03-09 11:56:11.863,-0.181917,-0.08887,0.220304
1815894,2025-03-09 11:56:11.868,-0.125363,-0.0435452,0.219934
1815895,2025-03-09 11:56:11.873,-0.104383,0.0245647,0.225955
1815896,2025-03-09 11:56:11.878,-0.0626237,0.0809288,0.30592
1815897,2025-03-09 11:56:11.882,-0.0488284,0.105375,0.417745
1815898,2025-03-09 11:56:11.887,-0.0019308,0.0899115,0.507718
1815899,2025-03-09 11:56:11.893,0.0476635,0.0611115,0.498794
1815900,2025-03-09 11:56:11.897,0.100549,0.0300837,0.398684
1815901,2025-03-09 11:56:11.902,0.113062,0.018682,0.261186
1815902,2025-03-09 11:56:11.907,0.126951,0.00214386,0.111258
1815903,2025-03-09 11:56:11.912,0.132711,0.0366526,-0.0133047
1815904,2025-03-09 11:56:11.918,0.111256,0.0911627,-0.147348
1815905,2025-03-09 11:56:11.922,0.0365148,0.0944915,-0.293351
1815906,2025-03-09 11:56:11.928,-0.0236079,0.0778422,-0.354994
1815907,2025-03-09 11:56:11.931,-0.0742577,0.0234523,-0.374435
1815908,2025-03-09 11:56:11.936,-0.102762,-0.0233946,-0.354293
1815909,2025-03-09 11:56:11.941,-0.0728429,-0.0631256,-0.30173
1815910,2025-03-09 11:56:11.946,-0.00310045,-0.120033,-0.127586
1815911,2025-03-09 11:56:11.951,0.0125919,-0.120856,0.0500193
1815912,2025-03-09 11:56:11.956,0.0185805,-0.0521483,0.131617
1815913,2025-03-09 11:56:11.961,0.0111527,0.0188208,0.188205
1815914,2025-03-09 11:56:11.966,0.0148509,0.0467386,0.260476
1815915,2025-03-09 11:56:11.971,-0.00866333,0.0473709,0.310314
1815916,2025-03-09 11:56:11.975,-0.00683233,0.0424094,0.277289
1815917,2025-03-09 11:56:11.98,0.00967249,0.0568991,0.189344
1815918,2025-03-09 11:56:11.985,0.0158681,0.0896997,0.136984
1815919,2025-03-09 11:56:11.99,-0.00364882,0.132408,0.123422
1815920,2025-03-09 11:56:11.995,-0.00799155,0.141107,0.134033
1815921,2025-03-09 11:56:12,-0.0150029,0.0935955,0.125829
1815922,2025-03-09 11:56:12.005,-0.0232861,0.0532503,0.113228
1815923,2025-03-09 11:56:12.01,-0.00558963,0.0141306,0.0760384
1815924,2025-03-09 11:56:12.015,-0.00608882,-0.0177889,0.0512195
1815925,2025-03-09 11:56:12.02,-0.0339521,-0.0259075,0.032712
1815926,2025-03-09 11:56:12.024,-0.0818442,-0.0163412,0.0572443
1815927,2025-03-09 11:56:12.029,-0.0950447,-0.0165539,0.0852952
1815928,2025-03-09 11:56:12.034,-0.051337,-0.0311055,0.116741
1815929,2025-03-09 11:56:12.039,-0.00213438,-0.0218539,0.0886168
1815930,2025-03-09 11:56:12.044,0.0190392,-0.00321436,0.0595489
1815931,2025-03-09 11:56:12.049,0.0312019,0.0116396,0.0224419
1815932,2025-03-09 11:56:12.054,0.037873,0.0298128,-0.00123453
1815933,2025-03-09 11:56:12.059,0.0426162,0.0251136,-0.0139279
1815934,2025-03-09 11:56:12.064,0.0477141,0.0298634,-0.0217352
1815935,2025-03-09 11:56:12.069,0.0781316,0.0534186,-0.0151477
1815936,2025-03-09 11:56:12.073,0.0828859,0.0671296,0.0104828
1815937,2025-03-09 11:56:12.078,0.067275,0.0496888,0.0111136
1815938,2025-03-09 11:56:12.083,0.0753703,0.0500565,0.0557785
1815939,2025-03-09 11:56:12.088,0.111618,0.0301495,0.0953898
1815940,2025-03-09 11:56:12.093,0.129598,-0.00395632,0.101532
1815941,2025-03-09 11:56:12.098,0.129679,-0.0578942,0.0695925
1815942,2025-03-09 11:56:12.103,0.135058,-0.102935,0.052083
1815943,2025-03-09 11:56:12.108,0.126784,-0.144044,0.0727463
1815944,2025-03-09 11:56:12.113,0.0944313,-0.185956,0.0920563
1815945,2025-03-09 11:56:12.117,0.0321905,-0.233565,0.104211
1815946,2025-03-09 11:56:12.123,0.0182613,-0.238086,0.085454
1815947,2025-03-09 11:56:12.127,-0.0217509,-0.26515,0.0169621
1815948,2025-03-09 11:56:12.132,-0.151655,-0.40603,-0.151894
1815949,2025-03-09 11:56:12.137,-0.335088,-0.334486,-0.259994
1815950,2025-03-09 11:56:12.142,-0.446168,-0.210204,-0.191446
1815951,2025-03-09 11:56:12.147,-0.323762,-0.100224,-0.0888677
1815952,2025-03-09 11:56:12.152,-0.124483,-0.0237136,-0.000979424
1815953,2025-03-09 11:56:12.157,-0.00577122,0.0251174,0.079823
1815954,2025-03-09 11:56:12.162,0.0436279,0.0560465,0.140498
1815955,2025-03-09 11:56:12.166,0.0955351,0.101585,0.158404
1815956,2025-03-09 11:56:12.171,0.187276,0.146779,0.0989938
1815957,2025-03-09 11:56:12.176,0.304837,0.196847,-0.0220327
1815958,2025-03-09 11:56:12.181,0.343766,0.227085,-0.103477
1815959,2025-03-09 11:56:12.187,0.322707,0.275667,-0.148063
1815960,2025-03-09 11:56:12.191,0.319558,0.273595,-0.189339
1815961,2025-03-09 11:56:12.197,0.316694,0.204517,-0.207018
1815962,2025-03-09 11:56:12.201,0.282079,0.111729,-0.213175
1815963,2025-03-09 11:56:12.206,0.225316,0.0227571,-0.234054
1815964,2025-03-09 11:56:12.21,0.155987,-0.0150733,-0.238567
1815965,2025-03-09 11:56:12.216,0.112171,-0.0341549,-0.245918
1815966,2025-03-09 11:56:12.22,0.0560253,-0.0180292,-0.241827
1815967,2025-03-09 11:56:12.225,0.0124924,0.000993729,-0.245416
1815968,2025-03-09 11:56:12.231,0.000258431,0.00142241,-0.171068
1815969,2025-03-09 11:56:12.235,-0.00711307,-0.0142789,-0.148769
1815970,2025-03-09 11:56:12.24,-0.0585125,-0.0294232,-0.122236
1815971,2025-03-09 11:56:12.245,-0.11215,-0.0180373,-0.119881
1815972,2025-03-09 11:56:12.25,-0.200352,-0.0088644,-0.149788
1815973,2025-03-09 11:56:12.255,-0.277121,-0.00797176,-0.156972
1815974,2025-03-09 11:56:12.259,-0.328679,-0.00333738,-0.173752
1815975,2025-03-09 11:56:12.264,-0.411372,0.0131874,-0.169088
1815976,2025-03-09 11:56:12.269,-0.470756,0.0163856,-0.154884
1815977,2025-03-09 11:56:12.274,-0.518081,0.0264783,-0.139488
1815978,2025-03-09 11:56:12.279,-0.541921,0.0314713,-0.0967546
1815979,2025-03-09 11:56:12.284,-0.565273,0.0468302,-0.0352235
1815980,2025-03-09 11:56:12.289,-0.540781,0.053206,0.0249863
1815981,2025-03-09 11:56:12.294,-0.501862,0.085084,0.134953
1815982,2025-03-09 11:56:12.299,-0.425598,0.120654,0.268356
1815983,2025-03-09 11:56:12.304,-0.361544,0.139555,0.433464
1815984,2025-03-09 11:56:12.309,-0.268783,0.14894,0.563647
1815985,2025-03-09 11:56:12.313,-0.192335,0.141887,0.623492
1815986,2025-03-09 11:56:12.318,-0.121239,0.135287,0.651466
1815987,2025-03-09 11:56:12.323,-0.0626816,0.123333,0.637035
1815988,2025-03-09 11:56:12.328,0.000187337,0.0753245,0.625568
1815989,2025-03-09 11:56:12.333,0.0178448,0.0463147,0.605057
1815990,2025-03-09 11:56:12.339,0.0266143,0.0292478,0.574212
1815991,2025-03-09 11:56:12.343,0.0502608,0.0145726,0.541383
1815992,2025-03-09 11:56:12.348,0.0532707,-0.00826836,0.52309
1815993,2025-03-09 11:56:12.352,0.0701928,-0.0225878,0.478845
1815994,2025-03-09 11:56:12.357,0.0712492,-0.0189757,0.437369
1815995,2025-03-09 11:56:12.362,0.0921923,-0.029583,0.398596
1815996,2025-03-09 11:56:12.367,0.12931,-0.0283008,0.367356
1815997,2025-03-09 11:56:12.372,0.190607,-0.0234184,0.341107
1815998,2025-03-09 11:56:12.377,0.236659,-0.0222559,0.324697
1815999,2025-03-09 11:56:12.382,0.28063,-0.0212159,0.270555
1816000,2025-03-09 11:56:12.387,0.311691,-0.0238676,0.19562
1816001,2025-03-09 11:56:12.392,0.329628,-0.0265021,0.117764
1816002,2025-03-09 11:56:12.397,0.350984,-0.0112219,0.0333638
1816003,2025-03-09 11:56:12.401,0.397969,0.000520229,-0.083703
1816004,2025-03-09 11:56:12.406,0.421517,0.00413179,-0.188168
1816005,2025-03-09 11:56:12.411,0.457189,-0.00389862,-0.245702
1816006,2025-03-09 11:56:12.416,0.4599,0.00969315,-0.291058
1816007,2025-03-09 11:56:12.421,0.421786,-0.00767374,-0.322999
1816008,2025-03-09 11:56:12.426,0.35424,-0.0356565,-0.341545
1816009,2025-03-09 11:56:12.431,0.295794,-0.0704384,-0.355255
1816010,2025-03-09 11:56:12.436,0.223775,-0.134637,-0.368814
1816011,2025-03-09 11:56:12.441,0.156069,-0.182692,-0.385967
1816012,2025-03-09 11:56:12.445,0.0615434,-0.230046,-0.425789
1816013,2025-03-09 11:56:12.45,-0.0242972,-0.270721,-0.48102
1816014,2025-03-09 11:56:12.455,-0.085064,-0.321204,-0.48997
1816015,2025-03-09 11:56:12.46,-0.121202,-0.37201,-0.493313
1816016,2025-03-09 11:56:12.465,-0.125675,-0.383939,-0.472119
1816017,2025-03-09 11:56:12.47,-0.118789,-0.37045,-0.445516
1816018,2025-03-09 11:56:12.475,-0.0980065,-0.346144,-0.365935
1816019,2025-03-09 11:56:12.48,-0.0751538,-0.31365,-0.312017
1816020,2025-03-09 11:56:12.485,-0.0689572,-0.305139,-0.274002
1816021,2025-03-09 11:56:12.49,-0.0694297,-0.282312,-0.243536
1816022,2025-03-09 11:56:12.494,-0.0595902,-0.245321,-0.213404
1816023,2025-03-09 11:56:12.499,-0.0406267,-0.214295,-0.197993
1816024,2025-03-09 11:56:12.504,-0.0246011,-0.183161,-0.167585
1816025,2025-03-09 11:56:12.509,-0.00575069,-0.147096,-0.123559
1816026,2025-03-09 11:56:12.514,-0.0279921,-0.0822468,-0.130266
1816027,2025-03-09 11:56:12.519,-0.059256,-0.0457602,-0.116127
1816028,2025-03-09 11:56:12.524,-0.0830352,-0.0233078,-0.0669384
1816029,2025-03-09 11:56:12.529,-0.0993924,-0.00305891,0.0171423
1816030,2025-03-09 11:56:12.535,-0.0750192,0.0314393,0.131241
1816031,2025-03-09 11:56:12.539,-0.0375236,0.0714712,0.252805
1816032,2025-03-09 11:56:12.543,-0.00343652,0.107287,0.359402
1816033,2025-03-09 11:56:12.548,0.0451389,0.139879,0.444235
1816034,2025-03-09 11:56:12.553,0.107026,0.151371,0.526565
1816035,2025-03-09 11:56:12.558,0.138083,0.126451,0.5661
1816036,2025-03-09 11:56:12.563,0.133747,0.116488,0.560799
1816037,2025-03-09 11:56:12.568,0.0931126,0.114264,0.518135
1816038,2025-03-09 11:56:12.573,0.0793902,0.103292,0.418069
1816039,2025-03-09 11:56:12.578,0.0554663,0.0993309,0.276289
1816040,2025-03-09 11:56:12.583,0.0140262,0.0716915,0.142796
1816041,2025-03-09 11:56:12.587,-0.0177846,0.033751,0.0423303
1816042,2025-03-09 11:56:12.592,-0.0578532,0.0118771,-0.0504527
1816043,2025-03-09 11:56:12.597,-0.0822222,0.0355687,-0.139137
1816044,2025-03-09 11:56:12.602,-0.150392,0.0451918,-0.214348
1816045,2025-03-09 11:56:12.607,-0.197981,0.0620999,-0.253532
1816046,2025-03-09 11:56:12.612,-0.208691,0.0411253,-0.275988
1816047,2025-03-09 11:56:12.617,-0.221005,0.0157323,-0.313836
1816048,2025-03-09 11:56:12.622,-0.270542,-0.0223708,-0.358622
1816049,2025-03-09 11:56:12.627,-0.243297,-0.0718579,-0.372339
1816050,2025-03-09 11:56:12.632,-0.265921,-0.11483,-0.380181
1816051,2025-03-09 11:56:12.636,-0.326273,-0.132305,-0.407168
1816052,2025-03-09 11:56:12.641,-0.358822,-0.153031,-0.397312
1816053,2025-03-09 11:56:12.646,-0.354198,-0.184147,-0.342569
1816054,2025-03-09 11:56:12.651,-0.339692,-0.250638,-0.271668
1816055,2025-03-09 11:56:12.656,-0.267657,-0.298902,-0.177518
1816056,2025-03-09 11:56:12.661,-0.239766,-0.337703,-0.0351257
1816057,2025-03-09 11:56:12.666,-0.200922,-0.356692,0.131591
1816058,2025-03-09 11:56:12.671,-0.156636,-0.340882,0.288266
1816059,2025-03-09 11:56:12.676,-0.0539165,-0.304848,0.368563
1816060,2025-03-09 11:56:12.68,0.0241957,-0.268837,0.43715
1816061,2025-03-09 11:56:12.685,0.0993984,-0.22341,0.465689
1816062,2025-03-09 11:56:12.69,0.157709,-0.18846,0.407904
1816063,2025-03-09 11:56:12.695,0.184366,-0.154051,0.245198
1816064,2025-03-09 11:56:12.7,0.174214,-0.126877,0.103887
1816065,2025-03-09 11:56:12.705,0.14038,-0.0769095,-0.0485215
1816066,2025-03-09 11:56:12.71,0.124415,-0.0123177,-0.186113
1816067,2025-03-09 11:56:12.716,0.11635,0.0765858,-0.317605
1816068,2025-03-09 11:56:12.72,0.152643,0.143435,-0.394507
1816069,2025-03-09 11:56:12.725,0.188775,0.187391,-0.413861
1816070,2025-03-09 11:56:12.729,0.21049,0.257204,-0.383174
1816071,2025-03-09 11:56:12.734,0.239426,0.33692,-0.281224
1816072,2025-03-09 11:56:12.739,0.266148,0.377419,-0.116583
1816073,2025-03-09 11:56:12.744,0.296633,0.427267,0.0809317
1816074,2025-03-09 11:56:12.749,0.325346,0.443225,0.29956
1816075,2025-03-09 11:56:12.754,0.352576,0.433496,0.495554
1816076,2025-03-09 11:56:12.759,0.377556,0.40391,0.640901
1816077,2025-03-09 11:56:12.764,0.408905,0.368615,0.744567
1816078,2025-03-09 11:56:12.769,0.440838,0.328801,0.77845
1816079,2025-03-09 11:56:12.774,0.47125,0.278522,0.795409
1816080,2025-03-09 11:56:12.778,0.509891,0.235789,0.726632
1816081,2025-03-09 11:56:12.783,0.537899,0.194894,0.599887
1816082,2025-03-09 11:56:12.788,0.561271,0.172823,0.417696
1816083,2025-03-09 11:56:12.793,0.509739,0.166207,0.181397
1816084,2025-03-09 11:56:12.798,0.421265,0.156439,-0.0769701
1816085,2025-03-09 11:56:12.804,0.352842,0.14982,-0.287486
1816086,2025-03-09 11:56:12.808,0.323055,0.141828,-0.450779
1816087,2025-03-09 11:56:12.813,0.26608,0.13132,-0.572027
1816088,2025-03-09 11:56:12.818,0.210483,0.13377,-0.629048
1816089,2025-03-09 11:56:12.822,0.165496,0.123009,-0.637866
1816090,2025-03-09 11:56:12.827,0.123889,0.126195,-0.590348
1816091,2025-03-09 11:56:12.832,0.0845447,0.125217,-0.495106
1816092,2025-03-09 11:56:12.837,0.0382419,0.111439,-0.380702
1816093,2025-03-09 11:56:12.842,0.00892088,0.0942965,-0.262576
1816094,2025-03-09 11:56:12.847,-0.0355924,0.0557799,-0.155984
1816095,2025-03-09 11:56:12.852,-0.0630582,0.0173211,-0.0832839
1816096,2025-03-09 11:56:12.857,-0.101027,-0.0341377,-0.0335097
1816097,2025-03-09 11:56:12.862,-0.162619,-0.0700035,-0.0230899
1816098,2025-03-09 11:56:12.867,-0.20253,-0.11406,-0.0220971
1816099,2025-03-09 11:56:12.871,-0.232877,-0.130529,-0.029355
1816100,2025-03-09 11:56:12.876,-0.240796,-0.120771,-0.0389094
1816101,2025-03-09 11:56:12.881,-0.25021,-0.0980487,-0.0246401
1816102,2025-03-09 11:56:12.886,-0.244415,-0.0790882,0.000198364
1816103,2025-03-09 11:56:12.892,-0.22211,-0.0615592,0.0438981
1816104,2025-03-09 11:56:12.896,-0.202333,-0.0336142,0.101586
1816105,2025-03-09 11:56:12.901,-0.214615,-0.0131097,0.125635
1816106,2025-03-09 11:56:12.906,-0.227832,-0.00482321,0.157953
1816107,2025-03-09 11:56:12.911,-0.220497,0.0104275,0.177029
1816108,2025-03-09 11:56:12.916,-0.2558,-0.0137243,0.186543
1816109,2025-03-09 11:56:12.92,-0.268077,-0.0104513,0.205548
1816110,2025-03-09 11:56:12.925,-0.287294,-0.00257158,0.193636
1816111,2025-03-09 11:56:12.93,-0.300492,0.000366688,0.170063
1816112,2025-03-09 11:56:12.935,-0.332724,-0.0122447,0.1895
1816113,2025-03-09 11:56:12.94,-0.32361,-0.0213399,0.189905
1816114,2025-03-09 11:56:12.945,-0.311499,-0.0388198,0.209419
1816115,2025-03-09 11:56:12.95,-0.302359,-0.0409822,0.230176
1816116,2025-03-09 11:56:12.955,-0.274465,-0.035121,0.251024
1816117,2025-03-09 11:56:12.96,-0.234732,-0.0212212,0.246973
1816118,2025-03-09 11:56:12.964,-0.175977,0.00538635,0.241985
1816119,2025-03-09 11:56:12.969,-0.118179,0.00200129,0.24189
1816120,2025-03-09 11:56:12.974,-0.0744272,-0.00377178,0.167067
1816121,2025-03-09 11:56:12.979,-0.056473,0.0024991,0.120079
1816122,2025-03-09 11:56:12.984,-0.0594159,-0.00994396,0.0399685
1816123,2025-03-09 11:56:12.989,-0.0654927,-0.0076313,-0.0576282
1816124,2025-03-09 11:56:12.994,-0.0795376,-0.0143104,-0.126377
1816125,2025-03-09 11:56:12.999,-0.122008,-0.0299926,-0.166451
1816126,2025-03-09 11:56:13.004,-0.110898,-0.0404048,-0.170931
1816127,2025-03-09 11:56:13.009,-0.0978447,-0.0302567,-0.168519
1816128,2025-03-09 11:56:13.013,-0.0887675,-0.0177212,-0.108057
1816129,2025-03-09 11:56:13.018,-0.0670696,-0.0172496,-0.0563383
1816130,2025-03-09 11:56:13.023,-0.0504141,-0.00396538,0.024837
1816131,2025-03-09 11:56:13.028,-0.0543753,0.0017333,0.0569696
1816132,2025-03-09 11:56:13.033,-0.0540059,-0.00495195,0.0785513
1816133,2025-03-09 11:56:13.038,-0.0481239,-0.0250707,0.0991349
1816134,2025-03-09 11:56:13.043,-0.0416088,-0.0442243,0.0640845
1816135,2025-03-09 11:56:13.048,-0.018902,-0.0718384,0.0379009
1816136,2025-03-09 11:56:13.053,-0.0097983,-0.0853453,0.00631714
1816137,2025-03-09 11:56:13.058,-0.00931738,-0.121532,-0.0437922
1816138,2025-03-09 11:56:13.062,-0.029161,-0.132739,-0.0992012
1816139,2025-03-09 11:56:13.067,-0.0549499,-0.1594,-0.152861
1816140,2025-03-09 11:56:13.072,-0.0534511,-0.189517,-0.210723
1816141,2025-03-09 11:56:13.077,-0.022536,-0.219328,-0.27884
1816142,2025-03-09 11:56:13.082,0.0188027,-0.233218,-0.333546
1816143,2025-03-09 11:56:13.087,0.0673086,-0.183608,-0.440432
1816144,2025-03-09 11:56:13.092,0.125296,-0.120644,-0.535177
1816145,2025-03-09 11:56:13.097,0.166503,-0.0573745,-0.53371
1816146,2025-03-09 11:56:13.102,0.201877,-0.0198493,-0.512867
1816147,2025-03-09 11:56:13.107,0.203063,-0.00444651,-0.470294
1816148,2025-03-09 11:56:13.111,0.175245,0.0269699,-0.399014
1816149,2025-03-09 11:56:13.116,0.118793,0.0421338,-0.319369
1816150,2025-03-09 11:56:13.121,0.0813776,0.0574465,-0.219242
1816151,2025-03-09 11:56:13.126,0.0426189,0.0372739,-0.120153
1816152,2025-03-09 11:56:13.131,0.00480302,0.00782681,-0.0670252
1816153,2025-03-09 11:56:13.136,-0.00382856,-0.0225363,-0.0440221
1816154,2025-03-09 11:56:13.141,-0.02052,-0.075242,-0.0199771
1816155,2025-03-09 11:56:13.146,-0.0489883,-0.0693979,-0.0245686
1816156,2025-03-09 11:56:13.151,-0.0832483,-0.0861769,-0.0338502
1816157,2025-03-09 11:56:13.155,-0.0832964,-0.0684791,-0.0334916
1816158,2025-03-09 11:56:13.16,-0.0876382,-0.0664639,-0.0295033
1816159,2025-03-09 11:56:13.166,-0.08327,-0.0587311,0.00784063
1816160,2025-03-09 11:56:13.17,-0.0690477,-0.0239568,0.0343394
1816161,2025-03-09 11:56:13.175,-0.0924311,0.0316205,0.0976372
1816162,2025-03-09 11:56:13.18,-0.0926397,0.0733027,0.166647
1816163,2025-03-09 11:56:13.185,-0.0840698,0.0986571,0.26166
1816164,2025-03-09 11:56:13.19,-0.0881259,0.10655,0.344545
1816165,2025-03-09 11:56:13.195,-0.0902576,0.112415,0.410789
1816166,2025-03-09 11:56:13.199,-0.0987844,0.128222,0.421288
1816167,2025-03-09 11:56:13.204,-0.0839505,0.131322,0.435871
1816168,2025-03-09 11:56:13.209,-0.0541806,0.123152,0.417578
1816169,2025-03-09 11:56:13.214,-0.0298567,0.134809,0.37012
1816170,2025-03-09 11:56:13.219,0.0106602,0.141384,0.329198
1816171,2025-03-09 11:56:13.224,0.0578497,0.146595,0.304158
1816172,2025-03-09 11:56:13.229,0.10482,0.164866,0.256742
1816173,2025-03-09 11:56:13.234,0.16273,0.190214,0.195406
1816174,2025-03-09 11:56:13.239,0.234077,0.209625,0.139174
1816175,2025-03-09 11:56:13.244,0.325136,0.217396,0.0949779
1816176,2025-03-09 11:56:13.248,0.36695,0.212566,0.03055
1816177,2025-03-09 11:56:13.253,0.383742,0.222623,-0.0326438
1816178,2025-03-09 11:56:13.258,0.357855,0.220158,-0.0815759
1816179,2025-03-09 11:56:13.263,0.349976,0.218235,-0.134089
1816180,2025-03-09 11:56:13.268,0.306352,0.208525,-0.155721
1816181,2025-03-09 11:56:13.273,0.262736,0.202955,-0.172838
1816182,2025-03-09 11:56:13.278,0.197334,0.182293,-0.166317
1816183,2025-03-09 11:56:13.283,0.139727,0.15845,-0.138659
1816184,2025-03-09 11:56:13.288,0.0967856,0.128811,-0.131356
1816185,2025-03-09 11:56:13.292,0.0370903,0.0944409,-0.102554
1816186,2025-03-09 11:56:13.297,-0.0312397,0.061214,-0.0939007
1816187,2025-03-09 11:56:13.302,-0.0786556,0.0350118,-0.0683994
1816188,2025-03-09 11:56:13.307,-0.105644,-0.00683928,-0.0676975
1816189,2025-03-09 11:56:13.312,-0.136034,-0.0416646,-0.051218
1816190,2025-03-09 11:56:13.317,-0.164842,-0.0743351,-0.0392065
1816191,2025-03-09 11:56:13.322,-0.196748,-0.108246,-0.0567169
1816192,2025-03-09 11:56:13.327,-0.219727,-0.138649,-0.0619431
1816193,2025-03-09 11:56:13.332,-0.189712,-0.166584,-0.0527611
1816194,2025-03-09 11:56:13.337,-0.161503,-0.187262,-0.0542665
1816195,2025-03-09 11:56:13.341,-0.140633,-0.199364,-0.0772085
1816196,2025-03-09 11:56:13.346,-0.124554,-0.190974,-0.120323
1816197,2025-03-09 11:56:13.351,-0.122565,-0.200027,-0.162268
1816198,2025-03-09 11:56:13.356,-0.132252,-0.199065,-0.194756
1816199,2025-03-09 11:56:13.361,-0.130981,-0.198757,-0.196587
1816200,2025-03-09 11:56:13.366,-0.138897,-0.186035,-0.208376
1816201,2025-03-09 11:56:13.371,-0.111997,-0.178909,-0.188403
1816202,2025-03-09 11:56:13.376,-0.100441,-0.177469,-0.137997
1816203,2025-03-09 11:56:13.381,-0.0603438,-0.179492,-0.0524912
1816204,2025-03-09 11:56:13.387,-0.0250534,-0.19096,0.0204101
1816205,2025-03-09 11:56:13.39,-0.0288766,-0.195359,0.0655503
1816206,2025-03-09 11:56:13.395,-0.0383778,-0.189231,0.0950665
1816207,2025-03-09 11:56:13.4,-0.0631498,-0.198743,0.0959902
1816208,2025-03-09 11:56:13.405,-0.109274,-0.191716,0.0685506
1816209,2025-03-09 11:56:13.41,-0.158796,-0.184864,0.0711126
1816210,2025-03-09 11:56:13.415,-0.171358,-0.173492,0.0821066
1816211,2025-03-09 11:56:13.42,-0.175594,-0.165938,0.0610991
1816212,2025-03-09 11:56:13.425,-0.173939,-0.151412,0.0391541
1816213,2025-03-09 11:56:13.43,-0.153346,-0.120508,0.0353026
1816214,2025-03-09 11:56:13.434,-0.122153,-0.111254,0.026762
1816215,2025-03-09 11:56:13.439,-0.105447,-0.104514,-0.00776672
1816216,2025-03-09 11:56:13.444,-0.106799,-0.076436,-0.0361004
1816217,2025-03-09 11:56:13.449,-0.0917215,-0.0532498,-0.0773449
1816218,2025-03-09 11:56:13.454,-0.0747203,-0.0527182,-0.121904
1816219,2025-03-09 11:56:13.459,-0.0653641,-0.0330606,-0.13774
1816220,2025-03-09 11:56:13.464,-0.0741259,-0.0394988,-0.154804
1816221,2025-03-09 11:56:13.469,-0.0806628,-0.024344,-0.179011
1816222,2025-03-09 11:56:13.474,-0.0707465,-0.00198364,-0.190154
1816223,2025-03-09 11:56:13.479,-0.0612063,0.00141478,-0.185978
1816224,2025-03-09 11:56:13.483,-0.0378145,0.000182629,-0.160612
1816225,2025-03-09 11:56:13.488,0.017329,-0.00216579,-0.133143
1816226,2025-03-09 11:56:13.493,0.0662115,-0.00920868,-0.0738745
1816227,2025-03-09 11:56:13.498,0.110279,0.00393534,-0.0352178
1816228,2025-03-09 11:56:13.503,0.127101,0.028831,-0.0431538
1816229,2025-03-09 11:56:13.508,0.128596,0.0191813,-0.0463428
1816230,2025-03-09 11:56:13.513,0.107698,0.0227995,-0.0413041
1816231,2025-03-09 11:56:13.523,0.0525231,0.0231066,0.00170422
1816232,2025-03-09 11:56:13.523,0.0525231,0.0231066,0.00170422
1816233,2025-03-09 11:56:13.527,0.0231659,0.0386877,0.0145583
1816234,2025-03-09 11:56:13.532,0.00355834,0.0517483,0.022573
1816235,2025-03-09 11:56:13.537,-0.0290747,0.0647688,0.0126491
1816236,2025-03-09 11:56:13.542,-0.0570333,0.0587349,0.022934
1816237,2025-03-09 11:56:13.548,-0.0470616,0.0610318,0.0557017
1816238,2025-03-09 11:56:13.552,-0.0552352,0.0716295,0.0810571
1816239,2025-03-09 11:56:13.558,-0.0373888,0.0570087,0.130115
1816240,2025-03-09 11:56:13.562,-0.0388674,0.0921988,0.153978
1816241,2025-03-09 11:56:13.567,-0.0620109,0.0959516,0.190938
1816242,2025-03-09 11:56:13.572,-0.0497304,0.0959105,0.239626
1816243,2025-03-09 11:56:13.576,-0.0272168,0.102592,0.274006
1816244,2025-03-09 11:56:13.581,-0.0205461,0.0826511,0.319176
1816245,2025-03-09 11:56:13.586,-0.00687131,0.0920215,0.337135
1816246,2025-03-09 11:56:13.591,0.00787884,0.0865264,0.361362
1816247,2025-03-09 11:56:13.596,0.00251317,0.0663128,0.337186
1816248,2025-03-09 11:56:13.601,0.0150848,0.0541673,0.294585
1816249,2025-03-09 11:56:13.606,0.0429226,0.0572472,0.263296
1816250,2025-03-09 11:56:13.611,0.0967543,0.0613589,0.199149
1816251,2025-03-09 11:56:13.616,0.139795,0.0666656,0.133141
1816252,2025-03-09 11:56:13.621,0.187773,0.103033,0.0639262
1816253,2025-03-09 11:56:13.625,0.231112,0.121536,0.0378261
1816254,2025-03-09 11:56:13.63,0.24973,0.142535,0.00222063
1816255,2025-03-09 11:56:13.635,0.245066,0.123267,-0.0404277
1816256,2025-03-09 11:56:13.64,0.248236,0.110425,-0.0461926
1816257,2025-03-09 11:56:13.65,0.24139,0.112342,-0.105669
1816258,2025-03-09 11:56:13.65,0.206596,0.111164,-0.148442
1816259,2025-03-09 11:56:13.655,0.156856,0.102143,-0.166332
1816260,2025-03-09 11:56:13.66,0.106348,0.0768657,-0.145155
1816261,2025-03-09 11:56:13.666,0.0693046,0.055614,-0.11607
1816262,2025-03-09 11:56:13.669,0.0407686,0.046495,-0.0979905
1816263,2025-03-09 11:56:13.674,0.00525582,0.0304041,-0.0694475
1816264,2025-03-09 11:56:13.679,-0.0219757,0.00483656,-0.0457988
1816265,2025-03-09 11:56:13.684,-0.0363977,-0.0325704,-0.0222011
1816266,2025-03-09 11:56:13.689,-0.0501554,-0.0426555,0.00144053
1816267,2025-03-09 11:56:13.694,-0.0560868,-0.0672035,0.0322571
1816268,2025-03-09 11:56:13.699,-0.0399491,-0.0537953,0.0630078
1816269,2025-03-09 11:56:13.704,-0.0136534,-0.0515566,0.0582099
1816270,2025-03-09 11:56:13.709,0.0120908,-0.0329585,0.0785847
1816271,2025-03-09 11:56:13.714,0.0278891,-0.0254607,0.1097
1816272,2025-03-09 11:56:13.718,0.0470186,-0.0337114,0.117037
1816273,2025-03-09 11:56:13.723,0.0531879,-0.0312724,0.0887661
1816274,2025-03-09 11:56:13.728,0.0631702,-0.0229282,0.0631242
1816275,2025-03-09 11:56:13.733,0.0483218,-0.0288115,0.0376248
1816276,2025-03-09 11:56:13.738,0.0446293,-0.0250502,0.0360022
1816277,2025-03-09 11:56:13.743,0.0556872,-0.0248017,0.0390849
1816278,2025-03-09 11:56:13.748,0.0709373,-0.0114751,0.0409575
1816279,2025-03-09 11:56:13.753,0.067923,-0.00877523,0.0035181
1816280,2025-03-09 11:56:13.758,0.0619755,0.0202737,-0.0314441
1816281,2025-03-09 11:56:13.762,0.0408473,0.0196905,-0.0604291
1816282,2025-03-09 11:56:13.767,0.0234415,0.0253706,-0.0882735
1816283,2025-03-09 11:56:13.772,0.016658,0.014606,-0.0840387
1816284,2025-03-09 11:56:13.777,0.00139579,0.0314145,-0.0681367
1816285,2025-03-09 11:56:13.782,-0.021141,0.0409727,-0.0500135
1816286,2025-03-09 11:56:13.787,-0.0330053,0.0374413,-0.026154
1816287,2025-03-09 11:56:13.792,-0.0594425,0.0304766,-0.000220299
1816288,2025-03-09 11:56:13.797,-0.0505577,0.0152588,0.0159845
1816289,2025-03-09 11:56:13.802,-0.0361529,0.00965405,0.0605435
1816290,2025-03-09 11:56:13.808,-0.0267142,-0.0208988,0.122592
1816291,2025-03-09 11:56:13.811,-0.0243148,-0.0205989,0.164187
1816292,2025-03-09 11:56:13.816,-0.0310557,-0.0324287,0.215173
1816293,2025-03-09 11:56:13.821,-0.0361955,-0.0492311,0.209054
1816294,2025-03-09 11:56:13.826,-0.0421089,-0.0720882,0.216286
1816295,2025-03-09 11:56:13.831,-0.0633264,-0.0866613,0.182105
1816296,2025-03-09 11:56:13.837,-0.0593407,-0.0810781,0.148343
1816297,2025-03-09 11:56:13.841,-0.0349644,-0.0756297,0.116136
1816298,2025-03-09 11:56:13.846,-0.00323398,-0.0655756,0.0914221
1816299,2025-03-09 11:56:13.851,0.0156494,-0.0258493,0.0229387
1816300,2025-03-09 11:56:13.856,0.00137219,-0.0149202,-0.0485477
1816301,2025-03-09 11:56:13.861,0.000303686,-0.00738764,-0.117291
1816302,2025-03-09 11:56:13.865,0.00734058,0.000424385,-0.181025
1816303,2025-03-09 11:56:13.87,-0.00390774,-0.00463247,-0.201733
1816304,2025-03-09 11:56:13.876,-0.0404746,-0.00936222,-0.202359
1816305,2025-03-09 11:56:13.88,-0.0333149,0.0027771,-0.203185
1816306,2025-03-09 11:56:13.885,-0.0124057,0.0149379,-0.151899
1816307,2025-03-09 11:56:13.89,0.0162774,-0.00383997,-0.0903916
1816308,2025-03-09 11:56:13.895,0.0184089,-0.0237451,-0.038816
1816309,2025-03-09 11:56:13.9,0.0489802,-0.0200124,0.0315638
1816310,2025-03-09 11:56:13.904,0.0640855,-0.0404115,0.0910015
1816311,2025-03-09 11:56:13.909,0.0829639,-0.0562606,0.122983
1816312,2025-03-09 11:56:13.914,0.0924761,-0.0806503,0.137226
1816313,2025-03-09 11:56:13.919,0.073678,-0.0991335,0.120703
1816314,2025-03-09 11:56:13.924,0.0208791,-0.134263,0.0700631
1816315,2025-03-09 11:56:13.929,-0.0242677,-0.120523,0.0187478
1816316,2025-03-09 11:56:13.934,-0.0784872,-0.110393,-0.0666242
1816317,2025-03-09 11:56:13.939,-0.0967114,-0.0953846,-0.166908
1816318,2025-03-09 11:56:13.944,-0.104312,-0.0920501,-0.236976
1816319,2025-03-09 11:56:13.949,-0.10394,-0.0681043,-0.300948
1816320,2025-03-09 11:56:13.953,-0.0837856,-0.0545015,-0.309093
1816321,2025-03-09 11:56:13.958,-0.0451532,-0.0322151,-0.296252
1816322,2025-03-09 11:56:13.963,-0.0165666,-0.00261211,-0.238757
1816323,2025-03-09 11:56:13.968,0.0129571,0.0197816,-0.171203
1816324,2025-03-09 11:56:13.973,0.0374855,0.0134525,-0.0875506
1816325,2025-03-09 11:56:13.978,0.0678797,0.00108337,0.0169191
1816326,2025-03-09 11:56:13.983,0.0958788,-0.0174537,0.0769057
1816327,2025-03-09 11:56:13.988,0.0907638,-0.0360432,0.0855455
1816328,2025-03-09 11:56:13.993,0.0453667,-0.0297728,0.0741358
1816329,2025-03-09 11:56:13.997,0.0169281,-0.062942,0.0725069
1816330,2025-03-09 11:56:14.003,-0.0258219,-0.0804152,0.0281568
1816331,2025-03-09 11:56:14.007,-0.0589331,-0.0822539,-0.0277524
1816332,2025-03-09 11:56:14.013,-0.0587717,-0.0719986,-0.0786428
1816333,2025-03-09 11:56:14.017,-0.069603,-0.0604672,-0.0901027
1816334,2025-03-09 11:56:14.022,-0.0673676,-0.0429387,-0.0814314
1816335,2025-03-09 11:56:14.027,-0.0308478,-0.0290589,-0.0717025
1816336,2025-03-09 11:56:14.032,-0.0171531,-0.0401793,-0.07515
1816337,2025-03-09 11:56:14.037,0.0188437,-0.0272813,-0.0929837
1816338,2025-03-09 11:56:14.042,0.0281231,-0.0214934,-0.0751739
1816339,2025-03-09 11:56:14.046,0.0192232,-0.00852251,-0.0255699
1816340,2025-03-09 11:56:14.051,0.0101529,-0.00279093,0.00225306
1816341,2025-03-09 11:56:14.056,0.0460563,0.000377655,0.0489559
1816342,2025-03-09 11:56:14.061,0.0580247,0.00804377,0.08954
1816343,2025-03-09 11:56:14.066,0.0951734,0.00938988,0.144331
1816344,2025-03-09 11:56:14.071,0.158642,0.0139103,0.178838
1816345,2025-03-09 11:56:14.076,0.198556,0.0252728,0.190744
1816346,2025-03-09 11:56:14.081,0.199668,0.0351992,0.142174
1816347,2025-03-09 11:56:14.086,0.185923,0.027308,0.0666618
1816348,2025-03-09 11:56:14.091,0.170231,0.0339732,0.00818825
1816349,2025-03-09 11:56:14.095,0.134714,0.0384879,-0.0714064
1816350,2025-03-09 11:56:14.1,0.096117,0.0468578,-0.0924621
1816351,2025-03-09 11:56:14.105,0.0591236,0.0436068,-0.125493
1816352,2025-03-09 11:56:14.11,0.0236299,0.0476823,-0.123982
1816353,2025-03-09 11:56:14.115,0.0181074,0.0376797,-0.114354
1816354,2025-03-09 11:56:14.12,0.00516731,0.0278277,-0.0751996
1816355,2025-03-09 11:56:14.125,0.012234,0.0120144,-0.0232277
1816356,2025-03-09 11:56:14.13,0.0118851,0.0116577,0.031961
1816357,2025-03-09 11:56:14.135,0.00308794,-0.0080843,0.0834756
1816358,2025-03-09 11:56:14.139,0.00254568,-0.0126061,0.12421
1816359,2025-03-09 11:56:14.149,0.00771171,0.00580645,0.0896382
1816360,2025-03-09 11:56:14.149,0.00771171,0.00580645,0.0896382
1816361,2025-03-09 11:56:14.154,0.00619644,0.00987291,0.0598121
1816362,2025-03-09 11:56:14.159,0.0202115,0.0269752,0.00529909
1816363,2025-03-09 11:56:14.164,0.0177582,0.0428705,-0.0654788
1816364,2025-03-09 11:56:14.169,-0.00690344,0.0684824,-0.128846
1816365,2025-03-09 11:56:14.174,-0.0297422,0.0812631,-0.187315
1816366,2025-03-09 11:56:14.179,-0.053485,0.0943851,-0.23026
1816367,2025-03-09 11:56:14.184,-0.0653283,0.0805411,-0.225768
1816368,2025-03-09 11:56:14.188,-0.0702006,0.0601172,-0.218143
1816369,2025-03-09 11:56:14.193,-0.0552444,0.0425324,-0.168123
1816370,2025-03-09 11:56:14.198,-0.0299379,0.0464511,-0.0852804
1816371,2025-03-09 11:56:14.203,-0.0406119,0.044229,-0.000604153
1816372,2025-03-09 11:56:14.208,-0.0337034,0.0333638,0.0943527
1816373,2025-03-09 11:56:14.213,-0.00575554,0.0185771,0.156858
1816374,2025-03-09 11:56:14.218,-0.022061,0.0176668,0.200285
1816375,2025-03-09 11:56:14.223,-0.049091,0.0258403,0.20217
1816376,2025-03-09 11:56:14.228,-0.0618559,0.00868464,0.204329
1816377,2025-03-09 11:56:14.233,-0.060427,0.000941277,0.169866
1816378,2025-03-09 11:56:14.237,-0.0697526,-0.00209379,0.144091
1816379,2025-03-09 11:56:14.242,-0.0884438,0.00324297,0.100694
1816380,2025-03-09 11:56:14.247,-0.0936965,0.00628662,0.0243163
1816381,2025-03-09 11:56:14.252,-0.095118,0.00127411,-0.0124903
1816382,2025-03-09 11:56:14.257,-0.0844767,0.00135279,-0.0445032
1816383,2025-03-09 11:56:14.262,-0.0654165,-0.006598,-0.0373182
1816384,2025-03-09 11:56:14.267,-0.0594998,-0.0142875,-0.0374861
1816385,2025-03-09 11:56:14.272,-0.0320666,-0.000415325,-0.0306392
1816386,2025-03-09 11:56:14.277,-0.00813633,0.0074544,-0.00251198
1816387,2025-03-09 11:56:14.281,0.00638175,0.0283422,-0.00193405
1816388,2025-03-09 11:56:14.286,0.0376572,0.0502043,0.00699377
1816389,2025-03-09 11:56:14.291,0.0568986,0.0445023,0.0254183
1816390,2025-03-09 11:56:14.296,0.0570216,0.0267982,0.0557213
1816391,2025-03-09 11:56:14.301,0.0358614,0.0114346,0.0515113
1816392,2025-03-09 11:56:14.311,-0.000992507,-0.0134249,-0.0250869
1816393,2025-03-09 11:56:14.311,-0.000992507,-0.0134249,-0.0250869
1816394,2025-03-09 11:56:14.316,-0.019392,-0.0216718,-0.0603738
1816395,2025-03-09 11:56:14.321,-0.035667,-0.0334282,-0.0811234
1816396,2025-03-09 11:56:14.326,-0.0486668,-0.0343642,-0.111247
1816397,2025-03-09 11:56:14.33,-0.0547496,-0.0363431,-0.143628
1816398,2025-03-09 11:56:14.335,-0.0585976,-0.00370836,-0.185398
1816399,2025-03-09 11:56:14.34,-0.0495314,0.00630856,-0.194961
1816400,2025-03-09 11:56:14.345,-0.0146309,0.0200696,-0.191633
1816401,2025-03-09 11:56:14.35,0.0235282,0.023303,-0.161272
1816402,2025-03-09 11:56:14.355,0.0470711,0.0243635,-0.128994
1816403,2025-03-09 11:56:14.36,0.0657622,0.0278831,-0.0923162
1816404,2025-03-09 11:56:14.365,0.0487927,0.0290046,-0.0322022
1816405,2025-03-09 11:56:14.37,0.0569441,0.0181479,0.0180025
1816406,2025-03-09 11:56:14.374,0.0568156,-0.00938511,0.0809841
1816407,2025-03-09 11:56:14.379,0.0485113,-0.0321712,0.130594
1816408,2025-03-09 11:56:14.384,0.0380057,-0.0384455,0.167001
1816409,2025-03-09 11:56:14.389,-0.000881553,-0.0378718,0.166596
1816410,2025-03-09 11:56:14.394,-0.0453419,-0.0339665,0.150965
1816411,2025-03-09 11:56:14.399,-0.0610991,-0.0314021,0.115385
1816412,2025-03-09 11:56:14.404,-0.0673269,-0.0218544,0.101569
1816413,2025-03-09 11:56:14.409,-0.0426193,-0.0183954,0.0962434
1816414,2025-03-09 11:56:14.414,-0.0121318,-0.0269036,0.064909
1816415,2025-03-09 11:56:14.419,0.00865251,-0.0127668,0.0373812
1816416,2025-03-09 11:56:14.423,0.00560388,-0.00337267,0.0123515
1816417,2025-03-09 11:56:14.428,0.0119746,0.0202885,-0.00306654
1816418,2025-03-09 11:56:14.433,0.0374086,0.0201826,-0.0256262
1816419,2025-03-09 11:56:14.438,0.0567169,0.0285454,-0.0374532
1816420,2025-03-09 11:56:14.443,0.0593222,0.0310607,-0.0350738
1816421,2025-03-09 11:56:14.448,0.0452621,0.0431843,-0.0268974
1816422,2025-03-09 11:56:14.454,0.0432425,0.0291519,-0.0140924
1816423,2025-03-09 11:56:14.458,0.0377795,0.0354748,0.0104299
1816424,2025-03-09 11:56:14.463,0.0182187,0.0464373,0.0181823
1816425,2025-03-09 11:56:14.468,0.00488055,0.0240583,0.0389447
1816426,2025-03-09 11:56:14.472,-0.0104625,0.0303206,0.0346475
1816427,2025-03-09 11:56:14.477,-0.0184811,0.0104337,-0.00167751
1816428,2025-03-09 11:56:14.482,0.00800031,-0.00574017,-0.0139451
1816429,2025-03-09 11:56:14.487,-0.00382814,-0.00161314,-0.0225415
1816430,2025-03-09 11:56:14.493,-0.0204107,-0.00699615,-0.0417724
1816431,2025-03-09 11:56:14.497,-0.0392917,-0.000334263,-0.0858889
1816432,2025-03-09 11:56:14.502,-0.0404688,0.0111842,-0.119111
1816433,2025-03-09 11:56:14.507,-0.0326058,0.00963402,-0.0939851
1816434,2025-03-09 11:56:14.512,-0.039517,0.0116811,-0.0524907
1816435,2025-03-09 11:56:14.516,-0.0287745,-0.00420046,-0.00888395
1816436,2025-03-09 11:56:14.521,0.0173339,-0.00115919,0.0452161
1816437,2025-03-09 11:56:14.526,0.0548483,-0.00320244,0.100332
1816438,2025-03-09 11:56:14.531,0.0661183,-0.0186315,0.14462
1816439,2025-03-09 11:56:14.536,0.0690737,-0.00926447,0.160283
1816440,2025-03-09 11:56:14.541,0.0506883,-0.0180321,0.171292
1816441,2025-03-09 11:56:14.546,0.0384549,-0.0220332,0.139526
1816442,2025-03-09 11:56:14.551,0.025039,-0.0533962,0.115224
1816443,2025-03-09 11:56:14.556,-0.0132225,-0.054728,0.0993509
1816444,2025-03-09 11:56:14.561,-0.0357643,-0.0464959,0.0871201
1816445,2025-03-09 11:56:14.565,-0.0379313,-0.0406132,0.0772834
1816446,2025-03-09 11:56:14.57,-0.0257374,-0.0418625,0.0651236
1816447,2025-03-09 11:56:14.576,-0.0170304,-0.0322528,0.0410557
1816448,2025-03-09 11:56:14.58,-0.0165612,-0.0381122,0.03615
1816449,2025-03-09 11:56:14.585,-0.00747395,-0.0331483,0.0264702
1816450,2025-03-09 11:56:14.59,-0.0123212,-0.0138774,0.00611401
1816451,2025-03-09 11:56:14.595,-0.000190765,-0.0159764,-0.0379395
1816452,2025-03-09 11:56:14.6,-0.0118158,-0.0321927,-0.0484824
1816453,2025-03-09 11:56:14.605,-0.0269644,-0.0457988,-0.0590286
1816454,2025-03-09 11:56:14.609,-0.0218954,-0.0650511,-0.0850787
1816455,2025-03-09 11:56:14.614,-0.0289169,-0.051959,-0.076611
1816456,2025-03-09 11:56:14.619,-0.0300593,-0.0746741,-0.0396533
1816457,2025-03-09 11:56:14.624,-0.0147079,-0.0938368,0.00903606
1816458,2025-03-09 11:56:14.629,-0.00660646,-0.101275,0.0243545
1816459,2025-03-09 11:56:14.634,-0.00451207,-0.105365,0.0231676
1816460,2025-03-09 11:56:14.639,-0.0072453,-0.103718,-0.000361443
1816461,2025-03-09 11:56:14.644,-0.0207679,-0.103415,-0.0330691
1816462,2025-03-09 11:56:14.649,-0.0473851,-0.110244,-0.0702538
1816463,2025-03-09 11:56:14.654,-0.0526303,-0.083662,-0.110802
1816464,2025-03-09 11:56:14.658,-0.0581353,-0.0725093,-0.155973
1816465,2025-03-09 11:56:14.663,-0.0746733,-0.0646968,-0.197503
1816466,2025-03-09 11:56:14.668,-0.0616899,-0.0411625,-0.210525
1816467,2025-03-09 11:56:14.673,-0.0229637,-0.000666142,-0.210869
1816468,2025-03-09 11:56:14.678,-0.00371873,0.0173159,-0.192559
1816469,2025-03-09 11:56:14.683,0.0236801,0.0306149,-0.118799
1816470,2025-03-09 11:56:14.688,0.0367924,0.0569801,-0.0303173
1816471,2025-03-09 11:56:14.693,0.0299185,0.0368028,0.036098
1816472,2025-03-09 11:56:14.698,0.0185963,0.0344901,0.0925717
1816473,2025-03-09 11:56:14.703,0.0169315,0.027246,0.136886
1816474,2025-03-09 11:56:14.707,-0.0227352,0.013854,0.156143
1816475,2025-03-09 11:56:14.712,-0.0349296,0.0193257,0.171885
1816476,2025-03-09 11:56:14.717,-0.0366916,0.0173421,0.190106
1816477,2025-03-09 11:56:14.722,-0.0375596,0.0186863,0.189389
1816478,2025-03-09 11:56:14.727,-0.0338971,0.0196753,0.196095
1816479,2025-03-09 11:56:14.732,-0.00664586,0.0334506,0.204157
1816480,2025-03-09 11:56:14.737,0.0157523,0.0409255,0.187451
1816481,2025-03-09 11:56:14.742,0.0310365,0.02912,0.169904
1816482,2025-03-09 11:56:14.747,0.0295536,0.0233407,0.127582
1816483,2025-03-09 11:56:14.751,0.0530337,0.0260043,0.119963
1816484,2025-03-09 11:56:14.756,0.0835391,0.0168161,0.120685
1816485,2025-03-09 11:56:14.761,0.12377,0.0219955,0.123755
1816486,2025-03-09 11:56:14.766,0.137027,0.0343752,0.135033
1816487,2025-03-09 11:56:14.771,0.122394,0.0360889,0.11409
1816488,2025-03-09 11:56:14.776,0.0940582,0.023602,0.10041
1816489,2025-03-09 11:56:14.781,0.05447,0.012496,0.0772862
1816490,2025-03-09 11:56:14.786,0.024875,-0.018537,0.0447245
1816491,2025-03-09 11:56:14.791,-0.00912941,-0.0348415,0.00630379
1816492,2025-03-09 11:56:14.796,-0.0369928,-0.0389376,-0.0296035
1816493,2025-03-09 11:56:14.8,-0.0423992,-0.0393581,-0.0403676
1816494,2025-03-09 11:56:14.805,-0.052837,-0.0622687,-0.0166845
1816495,2025-03-09 11:56:14.81,-0.0276959,-0.0779657,0.0140061
1816496,2025-03-09 11:56:14.815,-0.0100134,-0.07586,0.0148768
1816497,2025-03-09 11:56:14.82,-0.00693673,-0.0882359,0.0254207
1816498,2025-03-09 11:56:14.825,0.0267528,-0.0886908,0.0276036
1816499,2025-03-09 11:56:14.83,0.0194994,-0.0928121,0.0156059
1816500,2025-03-09 11:56:14.835,0.0120878,-0.075561,0.0025363
1816501,2025-03-09 11:56:14.84,-0.0038484,-0.0621033,0.000324726
1816502,2025-03-09 11:56:14.849,0.0107158,-0.0593848,0.0221057
1816503,2025-03-09 11:56:14.849,0.0107158,-0.0593848,0.0221057
1816504,2025-03-09 11:56:14.854,0.0270647,-0.058167,0.0460634
1816505,2025-03-09 11:56:14.859,0.0116186,-0.0319781,0.024684
1816506,2025-03-09 11:56:14.864,0.00376827,-0.0214071,0.0022831
1816507,2025-03-09 11:56:14.869,0.00678882,-0.0155778,0.00254536
1816508,2025-03-09 11:56:14.874,0.0370496,-0.00131464,-0.0175295
1816509,2025-03-09 11:56:14.879,0.0314638,0.00825977,-0.0482764
1816510,2025-03-09 11:56:14.884,0.0186124,0.0476522,-0.0789704
1816511,2025-03-09 11:56:14.889,0.00222868,0.0607486,-0.0430665
1816512,2025-03-09 11:56:14.893,0.0108295,0.0571895,-0.0383925
1816513,2025-03-09 11:56:14.898,0.014432,0.0630727,0.0149779
1816514,2025-03-09 11:56:14.903,0.0261755,0.0401702,0.0728631
1816515,2025-03-09 11:56:14.908,0.039111,0.0327659,0.0912075
1816516,2025-03-09 11:56:14.913,0.0378695,0.0121489,0.0953522
1816517,2025-03-09 11:56:14.918,0.0522056,0.00691795,0.110343
1816518,2025-03-09 11:56:14.923,0.0440845,-0.00543356,0.0825229
1816519,2025-03-09 11:56:14.929,0.000597626,-0.0187931,0.0358815
1816520,2025-03-09 11:56:14.933,-0.00450754,-0.0342994,0.00377274
1816521,2025-03-09 11:56:14.938,-0.0367757,-0.060164,-0.0104308
1816522,2025-03-09 11:56:14.942,-0.0603321,-0.0654392,-0.0175576
1816523,2025-03-09 11:56:14.947,-0.0812805,-0.0633888,-0.0295115
1816524,2025-03-09 11:56:14.952,-0.0688637,-0.0481725,-0.0118012
1816525,2025-03-09 11:56:14.957,-0.0459499,-0.0675645,0.0164919
1816526,2025-03-09 11:56:14.962,-0.0399715,-0.0655518,0.0410914
1816527,2025-03-09 11:56:14.967,-0.0685278,-0.054194,0.0525441
1816528,2025-03-09 11:56:14.972,-0.0910901,-0.0323606,0.0355029
1816529,2025-03-09 11:56:14.977,-0.0792131,-0.0358148,0.0365582
1816530,2025-03-09 11:56:14.982,-0.0570477,-0.0607738,0.0306134
1816531,2025-03-09 11:56:14.986,-0.0519053,-0.0879993,0.0331063
1816532,2025-03-09 11:56:14.992,-0.0599906,-0.0497541,-0.00593519
1816533,2025-03-09 11:56:14.996,-0.0763088,-0.0461907,-0.0447054
1816534,2025-03-09 11:56:15.001,-0.0831298,-0.0342069,-0.0773473
1816535,2025-03-09 11:56:15.006,-0.0603659,-0.0422301,-0.0909719
1816536,2025-03-09 11:56:15.011,-0.053275,-0.0344357,-0.0988293
1816537,2025-03-09 11:56:15.016,-0.0485224,-0.0407567,-0.0913577
1816538,2025-03-09 11:56:15.021,-0.0353389,-0.0385847,-0.0674357
1816539,2025-03-09 11:56:15.027,-0.0090411,-0.0303903,-0.0532947
1816540,2025-03-09 11:56:15.031,-0.00302443,-0.036479,-0.0179243
1816541,2025-03-09 11:56:15.035,0.00647438,-0.0283952,0.0125098
1816542,2025-03-09 11:56:15.041,0.0181178,-0.0252824,0.0451946
1816543,2025-03-09 11:56:15.045,0.0151463,-0.0235319,0.0468607
1816544,2025-03-09 11:56:15.05,-0.00106126,0.00891161,0.0427055
1816545,2025-03-09 11:56:15.065,-0.0120269,0.0458097,0.0182738
1816546,2025-03-09 11:56:15.066,-0.0120269,0.0458097,0.0182738
1816547,2025-03-09 11:56:15.07,-0.0150036,0.03439,0.00647449
1816548,2025-03-09 11:56:15.07,-0.0150036,0.03439,0.00647449
1816549,2025-03-09 11:56:15.075,0.0496989,0.0301256,-0.00873375
1816550,2025-03-09 11:56:15.079,0.0759943,0.0376949,-0.0166235
1816551,2025-03-09 11:56:15.084,0.10108,0.0500331,-0.0340071
1816552,2025-03-09 11:56:15.089,0.113139,0.0255179,-0.0370321
1816553,2025-03-09 11:56:15.094,0.119323,0.0106883,-0.0222054
1816554,2025-03-09 11:56:15.099,0.116127,0.0162172,-0.0336576
1816555,2025-03-09 11:56:15.104,0.115335,0.0134091,-0.00229549
1816556,2025-03-09 11:56:15.109,0.0980845,0.0118241,0.00268555
1816557,2025-03-09 11:56:15.114,0.0929408,0.0315862,0.0207167
1816558,2025-03-09 11:56:15.119,0.0676974,0.0285907,0.0398197
1816559,2025-03-09 11:56:15.124,0.0426871,0.0303617,0.0599589
1816560,2025-03-09 11:56:15.128,0.0285344,0.00946426,0.0752668
1816561,2025-03-09 11:56:15.133,0.00510454,-0.00415325,0.0821567
1816562,2025-03-09 11:56:15.138,-0.0309393,-0.0165191,0.0688634
1816563,2025-03-09 11:56:15.143,-0.0475528,-0.0239449,0.0342417
1816564,2025-03-09 11:56:15.148,-0.048618,-0.0252638,0.00337219
1816565,2025-03-09 11:56:15.153,-0.0460219,-0.0514326,-0.0011797
1816566,2025-03-09 11:56:15.159,-0.0409089,-0.0511751,-0.0259485
1816567,2025-03-09 11:56:15.164,-0.0355594,-0.047255,-0.0565262
1816568,2025-03-09 11:56:15.168,-0.0290445,-0.0455909,-0.071548
1816569,2025-03-09 11:56:15.173,-0.0356973,-0.017653,-0.0925341
1816570,2025-03-09 11:56:15.177,-0.0354411,-0.0230775,-0.141942
1816571,2025-03-09 11:56:15.182,-0.0143058,-0.0188279,-0.13647
1816572,2025-03-09 11:56:15.187,0.00258946,-0.0240855,-0.129901
1816573,2025-03-09 11:56:15.192,0.0153584,0.00753832,-0.103259
1816574,2025-03-09 11:56:15.197,0.0253758,0.018549,-0.0743265
1816575,2025-03-09 11:56:15.202,0.0386949,0.0424128,-0.0455432
1816576,2025-03-09 11:56:15.207,0.0457974,0.0635252,-0.0109143
1816577,2025-03-09 11:56:15.212,0.065742,0.0450878,0.0461516
1816578,2025-03-09 11:56:15.217,0.0783526,0.0527077,0.0910559
1816579,2025-03-09 11:56:15.221,0.0911061,0.0470247,0.115578
1816580,2025-03-09 11:56:15.226,0.0957974,0.0590105,0.155505
1816581,2025-03-09 11:56:15.231,0.0962531,0.06603,0.166736
1816582,2025-03-09 11:56:15.236,0.0674674,0.0777621,0.133951
1816583,2025-03-09 11:56:15.241,0.0617795,0.0586114,0.119187
1816584,2025-03-09 11:56:15.246,0.0730045,0.0575132,0.122288
1816585,2025-03-09 11:56:15.251,0.0728181,0.0434794,0.106291
1816586,2025-03-09 11:56:15.256,0.0493604,0.0511041,0.0986023
1816587,2025-03-09 11:56:15.261,0.0444771,0.0444646,0.0862141
1816588,2025-03-09 11:56:15.266,0.0399921,0.0427275,0.0643616
1816589,2025-03-09 11:56:15.271,0.0237938,0.0232277,0.0402951
1816590,2025-03-09 11:56:15.275,0.00526574,0.0193977,0.0127993
1816591,2025-03-09 11:56:15.28,-0.0251796,0.00487947,-0.00969458
1816592,2025-03-09 11:56:15.285,-0.0460251,0.0130754,-0.0272937
1816593,2025-03-09 11:56:15.29,-0.0822991,0.0176287,-0.0661082
1816594,2025-03-09 11:56:15.295,-0.100851,0.00183916,-0.0677056
1816595,2025-03-09 11:56:15.3,-0.0816771,-0.00910568,-0.0716515
1816596,2025-03-09 11:56:15.305,-0.0536636,-0.0366545,-0.0826402
1816597,2025-03-09 11:56:15.31,-0.0214872,-0.0391183,-0.069746
1816598,2025-03-09 11:56:15.315,-0.000623077,-0.0274248,-0.0580668
1816599,2025-03-09 11:56:15.319,0.00930738,-0.0111308,-0.0701847
1816600,2025-03-09 11:56:15.324,-0.00587791,-0.0164046,-0.053659
1816601,2025-03-09 11:56:15.329,-0.00811538,-0.0205479,-0.0407534
1816602,2025-03-09 11:56:15.335,-0.00219336,-0.0412898,-0.0243883
1816603,2025-03-09 11:56:15.339,-0.00936171,-0.0582662,-0.0200577
1816604,2025-03-09 11:56:15.344,-0.0114768,-0.0321841,-0.0159125
1816605,2025-03-09 11:56:15.35,-0.0155816,-0.0192285,-0.048718
1816606,2025-03-09 11:56:15.354,-0.00978667,-0.00736475,-0.0683556
1816607,2025-03-09 11:56:15.359,-0.00742185,-0.0107832,-0.0927896
1816608,2025-03-09 11:56:15.363,0.00935134,-0.0126877,-0.0947223
1816609,2025-03-09 11:56:15.368,0.0154545,0.0153794,-0.093317
1816610,2025-03-09 11:56:15.373,0.0253144,0.0245347,-0.0957537
1816611,2025-03-09 11:56:15.378,0.0352842,0.0289803,-0.067399
1816612,2025-03-09 11:56:15.383,0.0287283,0.0357718,-0.02741
1816613,2025-03-09 11:56:15.388,0.00445175,0.0377078,0.00160885
1816614,2025-03-09 11:56:15.393,-0.0185964,0.0216885,0.0340576
1816615,2025-03-09 11:56:15.398,-0.0512038,0.0244684,0.0570173
1816616,2025-03-09 11:56:15.403,-0.0851603,0.0234237,0.075232
1816617,2025-03-09 11:56:15.408,-0.120721,0.0125036,0.0674925
1816618,2025-03-09 11:56:15.412,-0.122307,0.0107942,0.094542
1816619,2025-03-09 11:56:15.417,-0.109025,0.0123525,0.109742
1816620,2025-03-09 11:56:15.422,-0.0772681,0.00874472,0.113287
1816621,2025-03-09 11:56:15.427,-0.0565807,0.0346246,0.0873132
1816622,2025-03-09 11:56:15.432,-0.00401384,0.0483441,0.069932
1816623,2025-03-09 11:56:15.438,0.0520049,0.0511875,0.0551548
1816624,2025-03-09 11:56:15.443,0.103304,0.0540948,0.0261989
1816625,2025-03-09 11:56:15.447,0.160806,0.0440788,-0.00975037
1816626,2025-03-09 11:56:15.452,0.164018,0.0475235,-0.057519
1816627,2025-03-09 11:56:15.456,0.132295,0.0347357,-0.0969191
1816628,2025-03-09 11:56:15.461,0.0753648,0.0319533,-0.150566
1816629,2025-03-09 11:56:15.466,0.0335721,0.0367937,-0.164997
1816630,2025-03-09 11:56:15.471,0.0054442,0.0123215,-0.178468
1816631,2025-03-09 11:56:15.476,-0.0306434,0.0144858,-0.175483
1816632,2025-03-09 11:56:15.481,-0.0830446,-0.00927925,-0.152522
1816633,2025-03-09 11:56:15.486,-0.0985286,-0.0184674,-0.123948
1816634,2025-03-09 11:56:15.492,-0.106061,-0.011076,-0.0800977
1816635,2025-03-09 11:56:15.496,-0.111812,-0.0277467,-0.0304756
1816636,2025-03-09 11:56:15.501,-0.0908448,-0.0422802,0.0226007
1816637,2025-03-09 11:56:15.505,-0.0647153,-0.0594277,0.0636582
1816638,2025-03-09 11:56:15.51,-0.0344633,-0.050797,0.0988455
1816639,2025-03-09 11:56:15.515,0.0022912,-0.0366311,0.0912795
1816640,2025-03-09 11:56:15.52,0.0231749,-0.00741863,0.0935044
1816641,2025-03-09 11:56:15.525,0.0343635,0.00243044,0.0958219
1816642,2025-03-09 11:56:15.53,0.0350382,-0.0234003,0.0720034
1816643,2025-03-09 11:56:15.535,0.0231777,-0.0227861,0.030498
1816644,2025-03-09 11:56:15.54,0.0154296,-0.0338507,0.00461483
1816645,2025-03-09 11:56:15.545,0.0260928,-0.0420752,-0.0367937
1816646,2025-03-09 11:56:15.55,0.00635523,-0.0677767,-0.0305805
1816647,2025-03-09 11:56:15.554,-0.0221273,-0.0632849,-0.0424685
1816648,2025-03-09 11:56:15.559,-0.0404634,-0.0586309,-0.0627275
1816649,2025-03-09 11:56:15.564,-0.0716012,-0.0431652,-0.0651522
1816650,2025-03-09 11:56:15.569,-0.0669502,-0.0241513,-0.0534172
1816651,2025-03-09 11:56:15.574,-0.0745898,-0.0219216,-0.0406032
1816652,2025-03-09 11:56:15.579,-0.0588457,0.00984716,-0.025434
1816653,2025-03-09 11:56:15.584,-0.0317559,0.0315533,0.0254707
1816654,2025-03-09 11:56:15.589,0.00656483,0.0397744,0.0547843
1816655,2025-03-09 11:56:15.594,0.0276599,0.0760074,0.0747061
1816656,2025-03-09 11:56:15.598,0.0222187,0.0794997,0.0900459
1816657,2025-03-09 11:56:15.603,-0.00244451,0.0588837,0.0782413
1816658,2025-03-09 11:56:15.608,-0.0212641,0.0512986,0.0488925
1816659,2025-03-09 11:56:15.613,-0.0259087,0.0259037,0.0210252
1816660,2025-03-09 11:56:15.618,-0.0414433,0.0293241,-0.029274
1816661,2025-03-09 11:56:15.624,-0.057066,0.0257883,-0.0662766
1816662,2025-03-09 11:56:15.629,-0.0748432,0.0166163,-0.0794649
1816663,2025-03-09 11:56:15.633,-0.0530251,0.00190115,-0.086875
1816664,2025-03-09 11:56:15.638,-0.0286749,-0.0100455,-0.0730824
1816665,2025-03-09 11:56:15.643,-0.020583,-0.00976992,-0.0524821
1816666,2025-03-09 11:56:15.647,-0.0168538,-0.0140328,-0.0440927
1816667,2025-03-09 11:56:15.652,0.0134543,-0.0204434,-0.00980568
1816668,2025-03-09 11:56:15.657,0.0297287,-0.0303106,0.00398874
1816669,2025-03-09 11:56:15.662,0.0295532,-0.0472016,0.0224147
1816670,2025-03-09 11:56:15.667,0.00338364,-0.0497618,0.0466757
1816671,2025-03-09 11:56:15.672,-0.0165965,-0.0429773,0.0685163
1816672,2025-03-09 11:56:15.678,-0.0305098,-0.0685186,0.0796833
1816673,2025-03-09 11:56:15.682,-0.0455995,-0.0751534,0.0708365
1816674,2025-03-09 11:56:15.687,-0.0738061,-0.0689111,0.0788836
1816675,2025-03-09 11:56:15.691,-0.106786,-0.0580769,0.0382743
1816676,2025-03-09 11:56:15.696,-0.111441,-0.0627937,-0.00554895
1816677,2025-03-09 11:56:15.701,-0.135482,-0.059094,-0.0265331
1816678,2025-03-09 11:56:15.706,-0.139575,-0.0541334,-0.0557613
1816679,2025-03-09 11:56:15.711,-0.149892,-0.0288649,-0.0576067
1816680,2025-03-09 11:56:15.716,-0.136432,-0.0286088,-0.0512414
1816681,2025-03-09 11:56:15.721,-0.106395,-0.0223703,-0.034286
1816682,2025-03-09 11:56:15.726,-0.0822888,-0.0231752,-0.0401311
1816683,2025-03-09 11:56:15.731,-0.0356621,-0.0275354,-0.00793362
1816684,2025-03-09 11:56:15.736,0.00472733,-0.0199542,0.00260258
1816685,2025-03-09 11:56:15.74,0.0177009,-0.0183582,0.00592566
1816686,2025-03-09 11:56:15.745,0.00451291,0.00105429,-0.0157247
1816687,2025-03-09 11:56:15.75,0.0211196,-0.00212431,-0.0111909
1816688,2025-03-09 11:56:15.755,0.000609428,-0.00407171,0.0324569
1816689,2025-03-09 11:56:15.76,0.039562,-0.0131636,0.0567775
1816690,2025-03-09 11:56:15.766,0.0700856,-0.00694656,0.0929518
1816691,2025-03-09 11:56:15.771,0.0805954,0.00145578,0.105221
1816692,2025-03-09 11:56:15.775,0.0925675,0.00959492,0.0819631
1816693,2025-03-09 11:56:15.78,0.0713478,0.0200214,0.0850368
1816694,2025-03-09 11:56:15.785,0.0562272,0.0137758,0.0714359
1816695,2025-03-09 11:56:15.789,0.047077,0.0111547,0.0484366
1816696,2025-03-09 11:56:15.794,-1.79708e-05,-0.0020647,0.0493145
1816697,2025-03-09 11:56:15.799,-0.0182291,-0.00446177,0.0382891
1816698,2025-03-09 11:56:15.804,-0.0231428,0.00501633,0.026186
1816699,2025-03-09 11:56:15.809,-0.0161296,-0.00106573,0.0344086
1816700,2025-03-09 11:56:15.814,-0.0139799,-0.0178714,0.0355182
1816701,2025-03-09 11:56:15.819,-0.00231552,-0.0238261,0.0176029
1816702,2025-03-09 11:56:15.824,-0.00615144,-0.0249872,-0.0132174
1816703,2025-03-09 11:56:15.829,-0.00901026,-0.0249872,-0.0223908
1816704,2025-03-09 11:56:15.833,-0.00738049,-0.0190644,-0.0267415
1816705,2025-03-09 11:56:15.838,0.0116493,-0.0368896,-0.0429821
1816706,2025-03-09 11:56:15.843,0.0422183,-0.0237103,-0.0436554
1816707,2025-03-09 11:56:15.848,0.0580988,-0.0165496,-0.0419812
1816708,2025-03-09 11:56:15.853,0.0749841,-0.00713396,0.00127697
1816709,2025-03-09 11:56:15.858,0.0871521,0.00213146,0.00744629
1816710,2025-03-09 11:56:15.863,0.0626376,0.0218983,-0.00413942
1816711,2025-03-09 11:56:15.868,0.057584,-0.00833035,0.00335264
1816712,2025-03-09 11:56:15.874,0.0312836,-0.00625658,-0.00820684
1816713,2025-03-09 11:56:15.878,0.00172195,-0.0123129,-0.0542655
1816714,2025-03-09 11:56:15.882,-0.038402,-0.00136518,-0.125169
1816715,2025-03-09 11:56:15.887,-0.0772494,0.00503254,-0.153014
1816716,2025-03-09 11:56:15.892,-0.0982311,0.00341129,-0.135833
1816717,2025-03-09 11:56:15.897,-0.103849,0.00432777,-0.103508
1816718,2025-03-09 11:56:15.903,-0.0847161,-0.0041995,-0.0584555
1816719,2025-03-09 11:56:15.907,-0.0551393,-0.00672388,-0.00903082
1816720,2025-03-09 11:56:15.912,-0.0413499,0.00131321,0.0329809
1816721,2025-03-09 11:56:15.917,-0.0255889,-0.0217595,0.0842857
1816722,2025-03-09 11:56:15.922,0.00522175,-0.0473671,0.149708
1816723,2025-03-09 11:56:15.926,0.0309882,-0.0255952,0.186373
1816724,2025-03-09 11:56:15.931,0.0554876,-0.0198407,0.210038
1816725,2025-03-09 11:56:15.936,0.0669539,-0.0120893,0.200567
1816726,2025-03-09 11:56:15.941,0.065462,0.000103474,0.198519
1816727,2025-03-09 11:56:15.946,0.0392329,0.00256634,0.146757
1816728,2025-03-09 11:56:15.951,0.00152752,0.0157132,0.0835438
1816729,2025-03-09 11:56:15.957,-0.00251007,0.000424862,0.0171561
1816730,2025-03-09 11:56:15.962,0.0114142,-0.00509644,-0.0238695
1816731,2025-03-09 11:56:15.966,0.0421537,-0.00199175,-0.0730891
1816732,2025-03-09 11:56:15.971,0.0753072,0.0250793,-0.0805593
1816733,2025-03-09 11:56:15.976,0.108446,0.0237079,-0.0834489
1816734,2025-03-09 11:56:15.98,0.103704,0.0178552,-0.0651565
1816735,2025-03-09 11:56:15.985,0.0921717,0.0122042,-0.0625706
1816736,2025-03-09 11:56:15.99,0.06771,0.0102644,-0.0541615
1816737,2025-03-09 11:56:15.995,0.0386653,-0.00712252,-0.0469828
1816738,2025-03-09 11:56:16,0.0167316,-0.0338635,-0.0280013
1816739,2025-03-09 11:56:16.005,-0.030307,-0.0308433,-0.0126319
1816740,2025-03-09 11:56:16.011,-0.0464198,-0.0445743,0.0216832
1816741,2025-03-09 11:56:16.015,-0.0531633,-0.0334029,0.0166516
1816742,2025-03-09 11:56:16.02,-0.0813501,-0.0223451,-0.00613308
1816743,2025-03-09 11:56:16.024,-0.0990067,-0.0196652,-0.0228286
1816744,2025-03-09 11:56:16.029,-0.0788952,0.00321198,-0.0228176
1816745,2025-03-09 11:56:16.034,-0.0130695,0.0128837,-0.015739
1816746,2025-03-09 11:56:16.039,0.0461902,0.0343966,-0.00401831
1816747,2025-03-09 11:56:16.044,0.0646975,0.0379524,0.0158925
1816748,2025-03-09 11:56:16.049,0.065428,0.071238,0.0320125
1816749,2025-03-09 11:56:16.055,0.0628135,0.073308,0.0528207
1816750,2025-03-09 11:56:16.059,0.0698706,0.0752878,0.0960803
1816751,2025-03-09 11:56:16.064,0.0769597,0.0510249,0.105844
1816752,2025-03-09 11:56:16.068,0.0912648,0.0493317,0.128755
1816753,2025-03-09 11:56:16.073,0.0770168,0.0438342,0.130336
1816754,2025-03-09 11:56:16.078,0.0770792,0.0406418,0.127255
1816755,2025-03-09 11:56:16.083,0.0664724,0.0419693,0.114929
1816756,2025-03-09 11:56:16.088,0.0666012,0.0396223,0.0826139
1816757,2025-03-09 11:56:16.093,0.048871,0.0622168,0.0422635
1816758,2025-03-09 11:56:16.098,0.0490322,0.0703936,0.0330968
1816759,2025-03-09 11:56:16.104,0.0516461,0.0654845,0.0239739
1816760,2025-03-09 11:56:16.108,0.0675384,0.0690551,-0.00654364
1816761,2025-03-09 11:56:16.113,0.0562433,0.0512896,-0.0309153
1816762,2025-03-09 11:56:16.117,0.0570901,0.0349731,-0.0243134
1816763,2025-03-09 11:56:16.122,0.0355038,0.0165405,-0.0368624
1816764,2025-03-09 11:56:16.127,0.0332144,0.0113735,-0.0386667
1816765,2025-03-09 11:56:16.132,0.0120635,-0.00907278,-0.0274897
1816766,2025-03-09 11:56:16.137,-0.0206872,-0.00917053,-0.0318317
1816767,2025-03-09 11:56:16.142,-0.0413367,-0.0127892,-0.04211
1816768,2025-03-09 11:56:16.147,-0.0608526,-0.0103493,-0.0488324
1816769,2025-03-09 11:56:16.152,-0.0947242,0.00165081,-0.0413384
1816770,2025-03-09 11:56:16.157,-0.0859231,0.00881815,-0.026813
1816771,2025-03-09 11:56:16.161,-0.0536887,-0.0114098,-0.010015
1816772,2025-03-09 11:56:16.166,-0.025544,-0.0256515,0.0506587
1816773,2025-03-09 11:56:16.171,0.00703445,-0.0376711,0.109876
1816774,2025-03-09 11:56:16.176,0.0334641,-0.0534134,0.135594
1816775,2025-03-09 11:56:16.181,0.0326505,-0.0550485,0.149477
1816776,2025-03-09 11:56:16.186,0.036781,-0.0581079,0.146854
1816777,2025-03-09 11:56:16.191,0.0352068,-0.0624022,0.122961
1816778,2025-03-09 11:56:16.196,0.0279845,-0.0726285,0.0826888
1816779,2025-03-09 11:56:16.201,0.0174806,-0.0754628,0.0295391
1816780,2025-03-09 11:56:16.206,-0.00208583,-0.0661306,-0.0257683
1816781,2025-03-09 11:56:16.21,-0.0200331,-0.0648785,-0.0820618
1816782,2025-03-09 11:56:16.215,-0.0234531,-0.0538025,-0.103755
1816783,2025-03-09 11:56:16.22,-0.0398209,-0.0627041,-0.116027
1816784,2025-03-09 11:56:16.225,-0.0345364,-0.0654764,-0.114053
1816785,2025-03-09 11:56:16.23,-0.0280396,-0.0645342,-0.106271
1816786,2025-03-09 11:56:16.235,-0.0370553,-0.0588207,-0.0890856
1816787,2025-03-09 11:56:16.241,-0.0580131,-0.0448408,-0.0898585
1816788,2025-03-09 11:56:16.245,-0.0625309,-0.047688,-0.103618
1816789,2025-03-09 11:56:16.25,-0.0699306,-0.0410714,-0.0887432
1816790,2025-03-09 11:56:16.255,-0.0660419,-0.0250816,-0.0822701
1816791,2025-03-09 11:56:16.259,-0.0591961,-0.0117416,-0.0781217
1816792,2025-03-09 11:56:16.264,-0.0480985,-0.00455523,-0.0537529
1816793,2025-03-09 11:56:16.269,-0.0242812,0.032012,-0.0210786
1816794,2025-03-09 11:56:16.274,-0.0066233,0.0194883,0.014987
1816795,2025-03-09 11:56:16.279,-0.00212622,0.0389924,0.0473056
1816796,2025-03-09 11:56:16.285,0.00251949,0.0154829,0.0640345
1816797,2025-03-09 11:56:16.289,-0.0116498,0.0158854,0.0545397
1816798,2025-03-09 11:56:16.294,-0.0100625,-0.00737238,0.0343738
1816799,2025-03-09 11:56:16.299,-0.00822043,-0.00657463,0.0297132
1816800,2025-03-09 11:56:16.303,0.00088799,-0.0140338,0.035728
1816801,2025-03-09 11:56:16.308,-0.00876305,-0.0213685,0.0535221
1816802,2025-03-09 11:56:16.313,-0.0167199,-0.0310526,0.0629067
1816803,2025-03-09 11:56:16.318,0.00432676,-0.0253034,0.0414391
1816804,2025-03-09 11:56:16.323,0.017143,-0.019515,0.0319533
1816805,2025-03-09 11:56:16.328,0.00383151,-0.0231929,-0.0131307
1816806,2025-03-09 11:56:16.333,0.0071598,-0.0219154,-0.0663075
1816807,2025-03-09 11:56:16.338,-0.00510046,-0.0298896,-0.0955319
1816808,2025-03-09 11:56:16.343,-0.00192112,-0.0258207,-0.0996814
1816809,2025-03-09 11:56:16.348,-0.0261824,-0.0275774,-0.114611
1816810,2025-03-09 11:56:16.353,-0.072934,-0.0113254,-0.12128
1816811,2025-03-09 11:56:16.357,-0.100608,-0.0259738,-0.101878
1816812,2025-03-09 11:56:16.362,-0.0868265,-0.0250273,-0.0648808
1816813,2025-03-09 11:56:16.368,-0.0948012,-0.0693231,-0.0185957
1816814,2025-03-09 11:56:16.372,-0.07568,-0.0707278,0.0167975
1816815,2025-03-09 11:56:16.377,-0.0426693,-0.0652785,0.0687542
1816816,2025-03-09 11:56:16.382,-0.0182992,-0.0589552,0.102706
1816817,2025-03-09 11:56:16.387,-0.00131389,-0.0374846,0.115211
1816818,2025-03-09 11:56:16.392,-0.00468972,0.0002141,0.12661
1816819,2025-03-09 11:56:16.396,0.000217408,-0.0017724,0.127402
1816820,2025-03-09 11:56:16.401,-0.0054186,0.00804234,0.0997829
1816821,2025-03-09 11:56:16.406,0.00576812,0.0284805,0.0676327
1816822,2025-03-09 11:56:16.411,-0.00919512,0.0168571,0.0118709
1816823,2025-03-09 11:56:16.416,-0.0145035,0.0351462,-0.011497
1816824,2025-03-09 11:56:16.422,-0.00777596,0.0297236,-0.0241432
1816825,2025-03-09 11:56:16.426,-0.00204712,0.0340633,-0.0606098
1816826,2025-03-09 11:56:16.431,-0.0211611,0.0610809,-0.0980954
1816827,2025-03-09 11:56:16.436,-0.0281889,0.0512276,-0.074862
1816828,2025-03-09 11:56:16.441,-0.0148842,0.0331926,-0.0744133
1816829,2025-03-09 11:56:16.445,0.000694364,0.0130253,-0.074049
1816830,2025-03-09 11:56:16.45,0.0255638,0.0167718,-0.0820036
1816831,2025-03-09 11:56:16.455,0.0441376,0.025239,-0.0578504
1816832,2025-03-09 11:56:16.46,0.025554,0.0359821,-0.0315084
1816833,2025-03-09 11:56:16.465,0.0448647,0.027473,0.0113735
1816834,2025-03-09 11:56:16.47,0.0760357,0.0105257,0.0730739
1816835,2025-03-09 11:56:16.475,0.0947395,0.0232859,0.0501108
1816836,2025-03-09 11:56:16.48,0.0944183,0.0599113,-0.0475974
1816837,2025-03-09 11:56:16.485,0.094708,0.0422478,-0.145017
1816838,2025-03-09 11:56:16.49,0.0972614,0.00174761,-0.161579
1816839,2025-03-09 11:56:16.494,0.0957715,-0.0296702,-0.113118
1816840,2025-03-09 11:56:16.499,0.072332,-0.0430145,-0.027101
1816841,2025-03-09 11:56:16.504,0.0558427,-0.0377092,0.102507
1816842,2025-03-09 11:56:16.509,0.0416064,-0.0308108,0.228116
1816843,2025-03-09 11:56:16.514,0.0511494,-0.0272231,0.317839
1816844,2025-03-09 11:56:16.519,0.0521795,-0.0399394,0.331582
1816845,2025-03-09 11:56:16.524,0.0100255,-0.0366602,0.275799
1816846,2025-03-09 11:56:16.529,-0.0275523,-0.0243115,0.188761
1816847,2025-03-09 11:56:16.534,-0.0416384,-0.0323143,0.0870552
1816848,2025-03-09 11:56:16.538,-0.0454438,-0.0317931,-0.00801849
1816849,2025-03-09 11:56:16.543,-0.0684388,-0.0393624,-0.0846992
1816850,2025-03-09 11:56:16.548,-0.0580418,-0.0345416,-0.154023
1816851,2025-03-09 11:56:16.553,-0.0426873,-0.0328846,-0.166163
1816852,2025-03-09 11:56:16.558,-0.040244,-0.0379395,-0.16195
1816853,2025-03-09 11:56:16.564,-0.0148678,-0.0175958,-0.135579
1816854,2025-03-09 11:56:16.568,0.0202875,-0.0149965,-0.104866
1816855,2025-03-09 11:56:16.573,0.0117081,-0.00870275,-0.080461
1816856,2025-03-09 11:56:16.578,0.0190397,0.0119586,-0.0742049
1816857,2025-03-09 11:56:16.583,0.0158607,0.0171394,-0.0538564
1816858,2025-03-09 11:56:16.587,0.0268726,0.0259604,-0.0622787
1816859,2025-03-09 11:56:16.593,0.0304845,0.0300064,-0.0635581
1816860,2025-03-09 11:56:16.597,0.0313979,0.054203,-0.0553446
1816861,2025-03-09 11:56:16.602,0.0178229,0.0615511,-0.0270042
1816862,2025-03-09 11:56:16.607,0.00648341,0.0686769,-0.00351524
1816863,2025-03-09 11:56:16.612,0.0235143,0.0708909,0.0186749
1816864,2025-03-09 11:56:16.617,0.050753,0.0658045,0.0704851
1816865,2025-03-09 11:56:16.623,0.0895789,0.0415339,0.131565
1816866,2025-03-09 11:56:16.627,0.115051,0.0338035,0.181701
1816867,2025-03-09 11:56:16.632,0.116828,0.020988,0.206858
1816868,2025-03-09 11:56:16.637,0.105889,0.0162506,0.234493
1816869,2025-03-09 11:56:16.641,0.071759,-0.00296688,0.215863
1816870,2025-03-09 11:56:16.646,0.0477114,-0.0221615,0.179716
1816871,2025-03-09 11:56:16.651,-0.0114054,-0.0364661,0.114223
1816872,2025-03-09 11:56:16.656,-0.0639589,-0.0208454,0.0183001
1816873,2025-03-09 11:56:16.661,-0.0900562,-0.0383615,-0.0627851
1816874,2025-03-09 11:56:16.666,-0.0982395,-0.0399885,-0.097178
1816875,2025-03-09 11:56:16.671,-0.0968523,-0.0186987,-0.158896
1816876,2025-03-09 11:56:16.676,-0.0540232,0.0122647,-0.182432
1816877,2025-03-09 11:56:16.681,-0.00102401,0.0171657,-0.187061
1816878,2025-03-09 11:56:16.685,0.0310941,0.0365667,-0.172931
1816879,2025-03-09 11:56:16.69,0.0496826,0.0416627,-0.119844
1816880,2025-03-09 11:56:16.695,0.0714964,0.0585785,-0.0683856
1816881,2025-03-09 11:56:16.7,0.102597,0.0561938,0.0172153
1816882,2025-03-09 11:56:16.705,0.090903,0.0571489,0.0892677
1816883,2025-03-09 11:56:16.71,0.0807473,0.0554395,0.139613
1816884,2025-03-09 11:56:16.715,0.0518602,0.0321236,0.139914
1816885,2025-03-09 11:56:16.721,0.038824,0.024209,0.124985
1816886,2025-03-09 11:56:16.725,-0.0133619,-0.0109825,0.104279
1816887,2025-03-09 11:56:16.729,-0.0533226,-0.0411325,0.0647488
1816888,2025-03-09 11:56:16.735,-0.0860642,-0.047215,0.0230985
1816889,2025-03-09 11:56:16.739,-0.115026,-0.0496087,-0.00759077
1816890,2025-03-09 11:56:16.744,-0.0976414,-0.0293293,-0.0143785
1816891,2025-03-09 11:56:16.749,-0.0578712,-0.0507474,0.0014267
1816892,2025-03-09 11:56:16.754,-0.0280303,-0.0589318,0.00166702
1816893,2025-03-09 11:56:16.759,0.0062834,-0.0481629,0.0186191
1816894,2025-03-09 11:56:16.764,0.0285244,-0.0399742,0.0379105
1816895,2025-03-09 11:56:16.769,0.0257296,-0.0498199,0.0476899
1816896,2025-03-09 11:56:16.773,0.0252612,-0.0407176,0.0349436
1816897,2025-03-09 11:56:16.778,0.00919399,-0.0365911,0.00699949
1816898,2025-03-09 11:56:16.783,0.000253558,-0.0348916,-0.0017066
1816899,2025-03-09 11:56:16.788,0.0126661,-0.0414782,-0.00325489
1816900,2025-03-09 11:56:16.793,-0.0046432,-0.0467663,-0.00958633
1816901,2025-03-09 11:56:16.798,-0.0181407,-0.0484138,-0.0242014
1816902,2025-03-09 11:56:16.803,-0.0266262,-0.0487499,-0.0316644
1816903,2025-03-09 11:56:16.808,-0.0384313,-0.0418096,-0.054625
1816904,2025-03-09 11:56:16.813,-0.0273569,-0.0501275,-0.0550375
1816905,2025-03-09 11:56:16.818,-0.0197579,-0.0771279,-0.0556531
1816906,2025-03-09 11:56:16.822,-0.037052,-0.092957,-0.0659909
1816907,2025-03-09 11:56:16.827,-0.0268178,-0.0919051,-0.0549874
1816908,2025-03-09 11:56:16.832,-0.0389403,-0.0942798,-0.0335078
1816909,2025-03-09 11:56:16.838,-0.0424587,-0.0811572,-0.0229244
1816910,2025-03-09 11:56:16.842,-0.0303825,-0.0859065,0.00415707
1816911,2025-03-09 11:56:16.847,-0.0123939,-0.0881653,0.00245905
1816912,2025-03-09 11:56:16.852,-0.0194919,-0.0808878,0.0114388
1816913,2025-03-09 11:56:16.857,-0.0431915,-0.0677252,0.0215216
1816914,2025-03-09 11:56:16.862,-0.0608089,-0.0797162,0.0209365
1816915,2025-03-09 11:56:16.868,-0.0663978,-0.0704522,0.0193591
1816916,2025-03-09 11:56:16.871,-0.0828331,-0.0721221,0.0131912
1816917,2025-03-09 11:56:16.877,-0.0874155,-0.0442133,-0.00232792
1816918,2025-03-09 11:56:16.881,-0.0828459,-0.0343814,-0.0343189
1816919,2025-03-09 11:56:16.886,-0.0704792,-0.0164084,-0.0469923
1816920,2025-03-09 11:56:16.891,-0.0443576,0.00373411,-0.0345993
1816921,2025-03-09 11:56:16.896,-0.0162062,0.0271783,-0.0281682
1816922,2025-03-09 11:56:16.901,0.0106094,0.0491495,-0.0228939
1816923,2025-03-09 11:56:16.906,0.0386753,0.0614381,-0.00221729
1816924,2025-03-09 11:56:16.911,0.040606,0.0700564,-0.0256209
1816925,2025-03-09 11:56:16.915,0.0450971,0.0526156,-0.0453725
1816926,2025-03-09 11:56:16.92,0.0341322,0.030746,-0.061553
1816927,2025-03-09 11:56:16.925,-0.00412074,0.0175328,-0.0599422
1816928,2025-03-09 11:56:16.931,-0.0303962,0.022471,-0.0538135
1816929,2025-03-09 11:56:16.935,-0.0601892,0.017972,-0.0252786
1816930,2025-03-09 11:56:16.94,-0.0756013,0.00283098,0.0493064
1816931,2025-03-09 11:56:16.945,-0.0850004,-0.00410223,0.0759878
1816932,2025-03-09 11:56:16.95,-0.062375,-0.0028758,0.112123
1816933,2025-03-09 11:56:16.956,-0.0460317,-0.0114803,0.136369
1816934,2025-03-09 11:56:16.96,-0.0229536,-0.0166917,0.141621
1816935,2025-03-09 11:56:16.964,-0.00855985,0.00279379,0.124512
1816936,2025-03-09 11:56:16.969,-0.00624025,0.0112338,0.111282
1816937,2025-03-09 11:56:16.974,0.00786391,0.00642586,0.0674014
1816938,2025-03-09 11:56:16.979,0.0514645,0.00395727,0.046505
1816939,2025-03-09 11:56:16.984,0.0851689,0.00993538,0.00312519
1816940,2025-03-09 11:56:16.989,0.132918,0.0254464,-0.0185995
1816941,2025-03-09 11:56:16.994,0.191277,0.0243773,-0.0165372
1816942,2025-03-09 11:56:16.999,0.205832,0.0281906,-0.0086441
1816943,2025-03-09 11:56:17.004,0.192419,0.041635,-0.0270557
1816944,2025-03-09 11:56:17.008,0.160687,0.0658479,-0.0324097
1816945,2025-03-09 11:56:17.013,0.117777,0.0460868,-0.0473323
1816946,2025-03-09 11:56:17.018,0.109943,0.0244074,-0.0576296
1816947,2025-03-09 11:56:17.023,0.0692028,-0.00751019,-0.0763764
1816948,2025-03-09 11:56:17.028,0.0408026,-0.0175228,-0.0702753
1816949,2025-03-09 11:56:17.034,0.00675294,-0.0404019,-0.072628
1816950,2025-03-09 11:56:17.038,-0.031867,-0.0427766,-0.0750837
1816951,2025-03-09 11:56:17.044,-0.0489264,-0.0498295,-0.0609484
1816952,2025-03-09 11:56:17.048,-0.0791596,-0.0591488,-0.0576687
1816953,2025-03-09 11:56:17.053,-0.117788,-0.0529737,-0.0461049
1816954,2025-03-09 11:56:17.057,-0.118463,-0.0764852,-0.0501204
1816955,2025-03-09 11:56:17.062,-0.13855,-0.0785165,-0.0362396
1816956,2025-03-09 11:56:17.067,-0.197025,-0.0699463,-0.0164738
1816957,2025-03-09 11:56:17.072,-0.200928,-0.0663533,-0.00268888
1816958,2025-03-09 11:56:17.077,-0.200436,-0.0866632,0.0134563
1816959,2025-03-09 11:56:17.082,-0.180236,-0.0950885,0.0224638
1816960,2025-03-09 11:56:17.087,-0.123693,-0.0941629,0.0576911
1816961,2025-03-09 11:56:17.092,-0.0605819,-0.0803199,0.0879922
1816962,2025-03-09 11:56:17.097,-0.0252943,-0.0549169,0.089725
1816963,2025-03-09 11:56:17.102,0.0252634,-0.0192676,0.130823
1816964,2025-03-09 11:56:17.106,0.063878,0.0277548,0.144467
1816965,2025-03-09 11:56:17.111,0.0787853,0.0433779,0.143896
1816966,2025-03-09 11:56:17.116,0.0712595,0.0623207,0.143436
1816967,2025-03-09 11:56:17.121,0.0698999,0.0775299,0.124008
1816968,2025-03-09 11:56:17.126,0.059162,0.0867028,0.109471
1816969,2025-03-09 11:56:17.131,0.0451622,0.0851307,0.0784321
1816970,2025-03-09 11:56:17.136,0.0387112,0.0955777,0.0534801
1816971,2025-03-09 11:56:17.141,0.0360959,0.0976748,0.0666885
1816972,2025-03-09 11:56:17.146,0.0551577,0.0832481,0.0796976
1816973,2025-03-09 11:56:17.15,0.079221,0.0594177,0.0760198
1816974,2025-03-09 11:56:17.155,0.08225,0.0465298,0.0604687
1816975,2025-03-09 11:56:17.16,0.0774476,0.0397439,0.0212727
1816976,2025-03-09 11:56:17.165,0.0728944,0.0473356,-0.0283399
1816977,2025-03-09 11:56:17.17,0.045813,0.0348825,-0.0658445
1816978,2025-03-09 11:56:17.175,0.034263,0.0238762,-0.0699415
1816979,2025-03-09 11:56:17.18,0.00602973,6.67572e-05,-0.0955224
1816980,2025-03-09 11:56:17.185,-0.0186335,0.0038085,-0.103137
1816981,2025-03-09 11:56:17.195,-0.0895109,0.0112724,-0.126523
1816982,2025-03-09 11:56:17.196,-0.0895109,0.0112724,-0.126523
1816983,2025-03-09 11:56:17.199,-0.0981241,-0.00164032,-0.110243
1816984,2025-03-09 11:56:17.205,-0.0989865,0.0021677,-0.0917449
1816985,2025-03-09 11:56:17.209,-0.0765472,-0.0214806,-0.0483828
1816986,2025-03-09 11:56:17.214,-0.0308073,-0.0226183,0.0161896
1816987,2025-03-09 11:56:17.219,0.0110578,-0.0265126,0.0734525
1816988,2025-03-09 11:56:17.224,0.0622909,-0.0413284,0.0925016
1816989,2025-03-09 11:56:17.229,0.0824383,-0.0396924,0.0855436
1816990,2025-03-09 11:56:17.234,0.0740084,-0.0537629,0.0788789
1816991,2025-03-09 11:56:17.239,0.0600037,-0.0688457,0.0318704
1816992,2025-03-09 11:56:17.243,0.0343253,-0.0777149,-0.0457425
1816993,2025-03-09 11:56:17.248,0.00760198,-0.0791707,-0.0944157
1816994,2025-03-09 11:56:17.253,0.0177179,-0.0838261,-0.126382
1816995,2025-03-09 11:56:17.259,0.0300252,-0.0846066,-0.116783
1816996,2025-03-09 11:56:17.263,0.04004,-0.0827284,-0.100382
1816997,2025-03-09 11:56:17.268,0.0312608,-0.0676713,-0.0640478
1816998,2025-03-09 11:56:17.273,0.0239333,-0.0526385,-0.0209765
1816999,2025-03-09 11:56:17.278,-0.00932226,-0.0198693,0.0300002
1817000,2025-03-09 11:56:17.283,-0.03984,-0.0277987,0.055685
1817001,2025-03-09 11:56:17.288,-0.0380344,-0.0274425,0.0598698
1817002,2025-03-09 11:56:17.292,-0.0659013,-0.0164409,0.0628648
1817003,2025-03-09 11:56:17.297,-0.0806429,-0.0210156,0.0397592
1817004,2025-03-09 11:56:17.302,-0.0907013,-0.0232067,0.0311093
1817005,2025-03-09 11:56:17.307,-0.091345,-0.0195289,0.057025
1817006,2025-03-09 11:56:17.312,-0.0813767,-0.0206809,0.0447822
1817007,2025-03-09 11:56:17.317,-0.0595929,-0.0242915,0.042222
1817008,2025-03-09 11:56:17.322,-0.0546209,-0.0338335,0.0195251
1817009,2025-03-09 11:56:17.327,-0.0305935,-0.0254917,-0.0160341
1817010,2025-03-09 11:56:17.332,-0.0102681,-0.0256186,-0.04528
1817011,2025-03-09 11:56:17.337,0.00636336,-0.0315447,-0.0803351
1817012,2025-03-09 11:56:17.341,0.0286954,-0.0290432,-0.0949836
1817013,2025-03-09 11:56:17.347,0.0661934,-0.0359735,-0.106028
1817014,2025-03-09 11:56:17.351,0.0939399,-0.0404506,-0.10394
1817015,2025-03-09 11:56:17.356,0.08461,-0.0412865,-0.074605
1817016,2025-03-09 11:56:17.361,0.0764589,-0.0351291,-0.0442109
1817017,2025-03-09 11:56:17.366,0.0577083,-0.0268283,-0.0139089
1817018,2025-03-09 11:56:17.371,0.0355259,-0.023509,-0.0145788
1817019,2025-03-09 11:56:17.376,0.0157858,-0.0214372,-0.0211539
1817020,2025-03-09 11:56:17.381,-0.0359382,-0.0265603,-0.0288143
1817021,2025-03-09 11:56:17.385,-0.0672382,-0.0149379,-0.0329332
1817022,2025-03-09 11:56:17.39,-0.05819,-0.0222273,-0.0585532
1817023,2025-03-09 11:56:17.395,-0.0791566,-0.02213,-0.0532885
1817024,2025-03-09 11:56:17.4,-0.0812454,0.00199175,-0.0281506
1817025,2025-03-09 11:56:17.405,-0.0597901,-0.00471306,0.0108008
1817026,2025-03-09 11:56:17.41,-0.0183353,-0.000567913,0.0659509
1817027,2025-03-09 11:56:17.415,-0.0137534,0.00598717,0.122962
1817028,2025-03-09 11:56:17.42,-0.020766,0.0303497,0.169964
1817029,2025-03-09 11:56:17.425,-0.0167492,0.0319104,0.202381
1817030,2025-03-09 11:56:17.43,-0.0220121,0.0192251,0.247585
1817031,2025-03-09 11:56:17.435,-0.00189221,0.00536203,0.29014
1817032,2025-03-09 11:56:17.439,0.00291061,0.00569201,0.312319
1817033,2025-03-09 11:56:17.444,0.00565642,0.016499,0.327385
1817034,2025-03-09 11:56:17.449,0.0254025,0.0246863,0.318739
1817035,2025-03-09 11:56:17.454,0.045222,0.0218763,0.334131
1817036,2025-03-09 11:56:17.459,0.0674832,0.0295653,0.313978
1817037,2025-03-09 11:56:17.464,0.0684038,0.0404563,0.276457
1817038,2025-03-09 11:56:17.469,0.0647426,0.0700641,0.227549
1817039,2025-03-09 11:56:17.474,0.0434421,0.0874028,0.176816
1817040,2025-03-09 11:56:17.478,0.0270595,0.0925965,0.11831
1817041,2025-03-09 11:56:17.483,0.0177583,0.104849,0.0508084
1817042,2025-03-09 11:56:17.488,-0.011886,0.106325,-0.0114002
1817043,2025-03-09 11:56:17.493,-0.019025,0.0959849,-0.0624766
1817044,2025-03-09 11:56:17.498,-0.0192554,0.0656376,-0.0942221
1817045,2025-03-09 11:56:17.503,-0.0208545,0.0510187,-0.118626
1817046,2025-03-09 11:56:17.508,-0.00470364,0.0413036,-0.145233
1817047,2025-03-09 11:56:17.513,0.0313157,0.0495539,-0.137269
1817048,2025-03-09 11:56:17.518,0.0538358,0.0304909,-0.137738
1817049,2025-03-09 11:56:17.527,0.0535426,0.0130982,-0.128114
1817050,2025-03-09 11:56:17.528,0.0535426,0.0130982,-0.128114
1817051,2025-03-09 11:56:17.532,0.0678433,0.000367641,-0.126357
1817052,2025-03-09 11:56:17.537,0.0855901,-0.00267029,-0.118759
1817053,2025-03-09 11:56:17.542,0.0854027,-0.0186691,-0.121971
1817054,2025-03-09 11:56:17.547,0.063851,-0.0284257,-0.112253
1817055,2025-03-09 11:56:17.552,0.0423651,-0.0379491,-0.119375
1817056,2025-03-09 11:56:17.557,0.0281832,-0.0520439,-0.103971
1817057,2025-03-09 11:56:17.562,0.0129445,-0.0588331,-0.0816298
1817058,2025-03-09 11:56:17.567,-0.00342056,-0.0477424,-0.0737386
1817059,2025-03-09 11:56:17.572,-0.0160056,-0.0521665,-0.0599828
1817060,2025-03-09 11:56:17.576,-0.0237268,-0.06844,-0.0570111
1817061,2025-03-09 11:56:17.581,-0.026692,-0.0809212,-0.0517783
1817062,2025-03-09 11:56:17.586,-0.021634,-0.0743008,-0.054914
1817063,2025-03-09 11:56:17.591,-0.0203994,-0.0712194,-0.052166
1817064,2025-03-09 11:56:17.596,-0.00282642,-0.0539317,-0.0268865
1817065,2025-03-09 11:56:17.601,-0.0044339,-0.0356522,-0.00414705
1817066,2025-03-09 11:56:17.606,0.0187632,-0.0342078,0.0410085
1817067,2025-03-09 11:56:17.611,0.0476834,-0.00677681,0.0597758
1817068,2025-03-09 11:56:17.616,0.0599011,0.00487947,0.0689993
1817069,2025-03-09 11:56:17.62,0.0591948,0.0151916,0.0793953
1817070,2025-03-09 11:56:17.625,0.070604,0.0171237,0.0813904
1817071,2025-03-09 11:56:17.63,0.0667396,0.0131078,0.0821886
1817072,2025-03-09 11:56:17.635,0.0535632,0.0104122,0.0603442
1817073,2025-03-09 11:56:17.64,0.0335584,-0.00868654,0.0480123
1817074,2025-03-09 11:56:17.645,0.0329825,-0.0144725,0.0463905
1817075,2025-03-09 11:56:17.65,0.0184811,-0.0237741,0.029366
1817076,2025-03-09 11:56:17.655,0.0292204,-0.0365281,0.0362043
1817077,2025-03-09 11:56:17.66,0.0446458,-0.0480676,0.0478063
1817078,2025-03-09 11:56:17.665,0.0458798,-0.0535517,0.020124
1817079,2025-03-09 11:56:17.669,0.0328996,-0.0293999,0.0200543
1817080,2025-03-09 11:56:17.674,0.0162125,-0.00431633,0.0129008
1817081,2025-03-09 11:56:17.679,0.0111721,-0.0127993,0.030829
1817082,2025-03-09 11:56:17.684,0.00583252,-0.00474072,0.020236
1817083,2025-03-09 11:56:17.689,-0.0140714,-0.0100369,0.0265403
1817084,2025-03-09 11:56:17.694,-0.0210743,-0.017797,0.0328984
1817085,2025-03-09 11:56:17.699,-0.0508341,0.000498295,0.0179377
1817086,2025-03-09 11:56:17.704,-0.0651847,-0.00396204,0.0221281
1817087,2025-03-09 11:56:17.709,-0.078408,0.00589609,0.00606298
1817088,2025-03-09 11:56:17.714,-0.0690089,-0.00214958,-0.0110426
1817089,2025-03-09 11:56:17.718,-0.0572558,0.0101681,-0.0269198
1817090,2025-03-09 11:56:17.723,-0.0324001,0.016552,-0.0344424
1817091,2025-03-09 11:56:17.728,-0.00283489,0.0170927,-0.0301557
1817092,2025-03-09 11:56:17.733,0.0313405,0.0273776,-0.0154409
1817093,2025-03-09 11:56:17.738,0.0654316,0.0341763,-0.0235391
1817094,2025-03-09 11:56:17.743,0.0756486,0.0327449,-0.00200796
1817095,2025-03-09 11:56:17.748,0.076447,0.0456223,0.0406699
1817096,2025-03-09 11:56:17.753,0.0749654,0.0346804,0.0639772
1817097,2025-03-09 11:56:17.758,0.0783781,0.0439849,0.0942402
1817098,2025-03-09 11:56:17.762,0.0641005,0.060173,0.131523
1817099,2025-03-09 11:56:17.767,0.0216259,0.047574,0.148469
1817100,2025-03-09 11:56:17.772,-0.0108998,0.0444727,0.132132
1817101,2025-03-09 11:56:17.777,-0.0336166,0.0483928,0.112485
1817102,2025-03-09 11:56:17.782,-0.0632869,0.0309911,0.0644403
1817103,2025-03-09 11:56:17.787,-0.0702601,0.0316005,0.0203009
1817104,2025-03-09 11:56:17.792,-0.0868122,0.0275941,-0.00935507
1817105,2025-03-09 11:56:17.797,-0.0986541,0.0476317,-0.0520697
1817106,2025-03-09 11:56:17.802,-0.0965397,0.0701146,-0.0637932
1817107,2025-03-09 11:56:17.807,-0.0911371,0.0879259,-0.0697312
1817108,2025-03-09 11:56:17.811,-0.0908708,0.104622,-0.00579405
1817109,2025-03-09 11:56:17.816,-0.063471,0.123691,0.0254302
1817110,2025-03-09 11:56:17.821,-0.0256007,0.134287,0.0872622
1817111,2025-03-09 11:56:17.826,-0.0200306,0.145986,0.141456
1817112,2025-03-09 11:56:17.831,-0.0132442,0.144425,0.184611
1817113,2025-03-09 11:56:17.836,-0.0172148,0.138076,0.219144
1817114,2025-03-09 11:56:17.841,-0.0153092,0.134098,0.242753
1817115,2025-03-09 11:56:17.846,-0.022908,0.14081,0.274497
1817116,2025-03-09 11:56:17.851,-0.0519049,0.145109,0.315456
1817117,2025-03-09 11:56:17.855,-0.0521685,0.14096,0.339547
1817118,2025-03-09 11:56:17.86,-0.0251679,0.139,0.394495
1817119,2025-03-09 11:56:17.865,-0.00517449,0.135526,0.443371
1817120,2025-03-09 11:56:17.87,0.010123,0.129334,0.453007
1817121,2025-03-09 11:56:17.875,0.0185684,0.13111,0.449872
1817122,2025-03-09 11:56:17.88,0.0414521,0.133676,0.431682
1817123,2025-03-09 11:56:17.886,0.0501173,0.141796,0.384297
1817124,2025-03-09 11:56:17.891,0.0481842,0.15203,0.2995
1817125,2025-03-09 11:56:17.895,0.0344728,0.172781,0.178687
1817126,2025-03-09 11:56:17.9,0.0183813,0.210009,0.0659695
1817127,2025-03-09 11:56:17.904,0.040088,0.225798,-0.0104194
1817128,2025-03-09 11:56:17.909,0.0577326,0.24043,-0.0625887
1817129,2025-03-09 11:56:17.914,0.0642387,0.245616,-0.0966845
1817130,2025-03-09 11:56:17.919,0.0670341,0.265149,-0.144873
1817131,2025-03-09 11:56:17.924,0.0388104,0.281086,-0.170226
1817132,2025-03-09 11:56:17.929,0.0414926,0.268574,-0.176535
1817133,2025-03-09 11:56:17.934,0.0272729,0.244441,-0.178186
1817134,2025-03-09 11:56:17.939,0.0306544,0.217016,-0.187018
1817135,2025-03-09 11:56:17.944,0.0265452,0.199563,-0.177019
1817136,2025-03-09 11:56:17.949,0.0530921,0.181226,-0.132828
1817137,2025-03-09 11:56:17.953,0.0601848,0.165662,-0.0999198
1817138,2025-03-09 11:56:17.958,0.058871,0.165786,-0.0460329
1817139,2025-03-09 11:56:17.963,0.0515621,0.150593,0.0298524
1817140,2025-03-09 11:56:17.968,0.0502639,0.146085,0.131335
1817141,2025-03-09 11:56:17.973,0.0586973,0.126047,0.204801
1817142,2025-03-09 11:56:17.978,0.0720692,0.121547,0.26585
1817143,2025-03-09 11:56:17.983,0.0797688,0.108646,0.320585
1817144,2025-03-09 11:56:17.988,0.0556008,0.0898294,0.339339
1817145,2025-03-09 11:56:17.993,0.0356165,0.0770497,0.354442
1817146,2025-03-09 11:56:17.997,0.0185368,0.0633273,0.33607
1817147,2025-03-09 11:56:18.002,-0.0172001,0.0522084,0.310633
1817148,2025-03-09 11:56:18.007,-0.0359648,0.0591779,0.318477
1817149,2025-03-09 11:56:18.012,-0.0508399,0.061379,0.326229
1817150,2025-03-09 11:56:18.017,-0.0571144,0.0861406,0.343397
1817151,2025-03-09 11:56:18.022,-0.0500998,0.0904446,0.36168
1817152,2025-03-09 11:56:18.027,-0.0595766,0.098073,0.387121
1817153,2025-03-09 11:56:18.032,-0.0474941,0.101828,0.391209
1817154,2025-03-09 11:56:18.037,-0.0402087,0.101656,0.383694
1817155,2025-03-09 11:56:18.042,-0.0460613,0.11069,0.355134
1817156,2025-03-09 11:56:18.046,-0.0555229,0.126594,0.287797
1817157,2025-03-09 11:56:18.051,-0.0628365,0.138626,0.253219
1817158,2025-03-09 11:56:18.056,-0.0619742,0.150514,0.22727
1817159,2025-03-09 11:56:18.061,-0.0598651,0.156317,0.160038
1817160,2025-03-09 11:56:18.066,-0.0588533,0.163171,0.0934496
1817161,2025-03-09 11:56:18.071,-0.0494946,0.170017,0.0344977
1817162,2025-03-09 11:56:18.077,-0.0486271,0.175763,-0.00154209
1817163,2025-03-09 11:56:18.081,-0.030191,0.15789,-0.0540614
1817164,2025-03-09 11:56:18.087,-0.0288789,0.173645,-0.0743227
1817165,2025-03-09 11:56:18.09,-0.0349154,0.181217,-0.069726
1817166,2025-03-09 11:56:18.095,-0.0576954,0.200666,-0.0533662
1817167,2025-03-09 11:56:18.1,-0.0496994,0.193938,-0.0182505
1817168,2025-03-09 11:56:18.105,-0.0204504,0.2051,0.0391006
1817169,2025-03-09 11:56:18.11,0.0312598,0.204314,0.069849
1817170,2025-03-09 11:56:18.115,0.0685915,0.220086,0.0921049
1817171,2025-03-09 11:56:18.12,0.0821671,0.220304,0.141481
1817172,2025-03-09 11:56:18.125,0.079327,0.220581,0.152417
1817173,2025-03-09 11:56:18.131,0.064988,0.204309,0.169144
1817174,2025-03-09 11:56:18.135,0.0451234,0.17757,0.172614
1817175,2025-03-09 11:56:18.139,0.016195,0.158253,0.186679
1817176,2025-03-09 11:56:18.144,-0.0242542,0.149899,0.180345
1817177,2025-03-09 11:56:18.149,-0.0654632,0.134527,0.182344
1817178,2025-03-09 11:56:18.154,-0.0801344,0.12522,0.185516
1817179,2025-03-09 11:56:18.159,-0.0912121,0.114819,0.223071
1817180,2025-03-09 11:56:18.164,-0.0809691,0.097198,0.217738
1817181,2025-03-09 11:56:18.169,-0.0756496,0.0938554,0.249349
1817182,2025-03-09 11:56:18.174,-0.0693829,0.080905,0.240452
1817183,2025-03-09 11:56:18.179,-0.0491297,0.0833702,0.219862
1817184,2025-03-09 11:56:18.184,-0.0566268,0.0964293,0.199496
1817185,2025-03-09 11:56:18.188,-0.0346715,0.0891762,0.192366
1817186,2025-03-09 11:56:18.193,-0.029579,0.108046,0.194837
1817187,2025-03-09 11:56:18.198,-0.0304157,0.131494,0.171185
1817188,2025-03-09 11:56:18.203,-0.0418291,0.135786,0.153641
1817189,2025-03-09 11:56:18.208,-0.0471446,0.0997591,0.137363
1817190,2025-03-09 11:56:18.213,-0.0595704,0.0986524,0.081871
1817191,2025-03-09 11:56:18.218,-0.0636698,0.102586,0.0455761
1817192,2025-03-09 11:56:18.223,-0.0655727,0.103199,0.0544381
1817193,2025-03-09 11:56:18.228,-0.0712296,0.0980425,0.071372
1817194,2025-03-09 11:56:18.232,-0.0770448,0.0953183,0.102387
1817195,2025-03-09 11:56:18.237,-0.0615995,0.106658,0.167747
1817196,2025-03-09 11:56:18.242,-0.0439901,0.122349,0.206716
1817197,2025-03-09 11:56:18.247,0.00558805,0.122179,0.246818
1817198,2025-03-09 11:56:18.252,0.0429608,0.136015,0.25713
1817199,2025-03-09 11:56:18.257,0.0562752,0.162574,0.249747
1817200,2025-03-09 11:56:18.262,0.0658395,0.174516,0.227126
1817201,2025-03-09 11:56:18.267,0.0919268,0.186319,0.214224
1817202,2025-03-09 11:56:18.272,0.138094,0.184946,0.191959
1817203,2025-03-09 11:56:18.277,0.129357,0.212161,0.17099
1817204,2025-03-09 11:56:18.281,0.132838,0.210703,0.167976
1817205,2025-03-09 11:56:18.286,0.130807,0.233141,0.141133
1817206,2025-03-09 11:56:18.291,0.092451,0.238978,0.12147
1817207,2025-03-09 11:56:18.297,0.078676,0.233123,0.0922904
1817208,2025-03-09 11:56:18.301,0.0522676,0.235939,0.085639
1817209,2025-03-09 11:56:18.306,0.0369362,0.224777,0.074039
1817210,2025-03-09 11:56:18.311,0.0350003,0.215174,0.0563564
1817211,2025-03-09 11:56:18.316,0.0130545,0.192717,0.0541496
1817212,2025-03-09 11:56:18.321,-0.00507423,0.162402,0.0719047
1817213,2025-03-09 11:56:18.325,-0.0112039,0.168007,0.0692811
1817214,2025-03-09 11:56:18.331,-0.0579002,0.165331,0.086782
1817215,2025-03-09 11:56:18.335,-0.0807543,0.146025,0.104156
1817216,2025-03-09 11:56:18.34,-0.0599231,0.136252,0.161841
1817217,2025-03-09 11:56:18.345,-0.0586138,0.14066,0.193047
1817218,2025-03-09 11:56:18.35,-0.0576793,0.13408,0.214722
1817219,2025-03-09 11:56:18.355,-0.0641868,0.139148,0.235268
1817220,2025-03-09 11:56:18.36,-0.0709345,0.15695,0.238077
1817221,2025-03-09 11:56:18.365,-0.0838008,0.155396,0.261227
1817222,2025-03-09 11:56:18.37,-0.0883858,0.15486,0.251104
1817223,2025-03-09 11:56:18.374,-0.079752,0.157844,0.232801
1817224,2025-03-09 11:56:18.379,-0.0721947,0.158484,0.221733
1817225,2025-03-09 11:56:18.384,-0.074012,0.16038,0.17271
1817226,2025-03-09 11:56:18.389,-0.0696503,0.154127,0.165495
1817227,2025-03-09 11:56:18.399,-0.0498288,0.156664,0.134132
1817228,2025-03-09 11:56:18.399,-0.0498288,0.156664,0.134132
1817229,2025-03-09 11:56:18.404,-0.0508064,0.165332,0.106511
1817230,2025-03-09 11:56:18.409,-0.0181945,0.171767,0.121675
1817231,2025-03-09 11:56:18.414,-0.0129974,0.17943,0.14376
1817232,2025-03-09 11:56:18.419,0.00180799,0.183483,0.176336
1817233,2025-03-09 11:56:18.423,-0.00360301,0.188718,0.168259
1817234,2025-03-09 11:56:18.428,-0.042244,0.191538,0.175678
1817235,2025-03-09 11:56:18.433,-0.0759546,0.180032,0.181893
1817236,2025-03-09 11:56:18.438,-0.114456,0.163847,0.17501
1817237,2025-03-09 11:56:18.443,-0.147302,0.169064,0.182494
1817238,2025-03-09 11:56:18.449,-0.156672,0.16818,0.19
1817239,2025-03-09 11:56:18.453,-0.16992,0.145772,0.202322
1817240,2025-03-09 11:56:18.458,-0.141729,0.144697,0.21117
1817241,2025-03-09 11:56:18.463,-0.123447,0.139887,0.252152
1817242,2025-03-09 11:56:18.467,-0.0959359,0.145594,0.262109
1817243,2025-03-09 11:56:18.472,-0.0543721,0.136772,0.272199
1817244,2025-03-09 11:56:18.477,-0.0176839,0.143345,0.233642
1817245,2025-03-09 11:56:18.482,0.0106862,0.124875,0.212093
1817246,2025-03-09 11:56:18.487,0.0425413,0.114873,0.206161
1817247,2025-03-09 11:56:18.492,0.0683493,0.127559,0.181245
1817248,2025-03-09 11:56:18.497,0.0608073,0.118844,0.160039
1817249,2025-03-09 11:56:18.502,0.0569914,0.105524,0.153194
1817250,2025-03-09 11:56:18.507,0.0250005,0.107763,0.141658
1817251,2025-03-09 11:56:18.512,0.0352755,0.104152,0.133705
1817252,2025-03-09 11:56:18.516,0.00535029,0.112448,0.124637
1817253,2025-03-09 11:56:18.521,-0.0240815,0.0993042,0.0966649
1817254,2025-03-09 11:56:18.526,-0.044784,0.0945878,0.0534949
1817255,2025-03-09 11:56:18.531,-0.0630057,0.0995917,-0.00491571
1817256,2025-03-09 11:56:18.536,-0.0467385,0.101273,-0.0488515
1817257,2025-03-09 11:56:18.541,-0.0534545,0.116357,-0.0773258
1817258,2025-03-09 11:56:18.546,-0.0462481,0.160169,-0.120154
1817259,2025-03-09 11:56:18.551,-0.0408408,0.152864,-0.0821924
1817260,2025-03-09 11:56:18.556,-0.0130695,0.159998,-0.0339918
1817261,2025-03-09 11:56:18.56,0.00141403,0.169479,0.0114045
1817262,2025-03-09 11:56:18.565,0.0265045,0.17405,0.0659966
1817263,2025-03-09 11:56:18.57,0.0585363,0.176088,0.135676
1817264,2025-03-09 11:56:18.575,0.05247,0.151809,0.180019
1817265,2025-03-09 11:56:18.58,0.0394629,0.143088,0.190831
1817266,2025-03-09 11:56:18.585,0.0313845,0.134202,0.204144
1817267,2025-03-09 11:56:18.59,-0.00383532,0.138395,0.199592
1817268,2025-03-09 11:56:18.595,-0.0423114,0.12351,0.191562
1817269,2025-03-09 11:56:18.6,-0.0676093,0.111067,0.190763
1817270,2025-03-09 11:56:18.605,-0.0691539,0.0926957,0.171055
1817271,2025-03-09 11:56:18.609,-0.0613723,0.0910206,0.178874
1817272,2025-03-09 11:56:18.614,-0.0585725,0.0797448,0.183166
1817273,2025-03-09 11:56:18.619,-0.0583367,0.0838652,0.192278
1817274,2025-03-09 11:56:18.624,-0.0558808,0.0782933,0.222818
1817275,2025-03-09 11:56:18.629,-0.0535173,0.09271,0.214144
1817276,2025-03-09 11:56:18.634,-0.0392455,0.0962429,0.209177
1817277,2025-03-09 11:56:18.639,-0.0262009,0.0877347,0.179453
1817278,2025-03-09 11:56:18.644,-0.0118742,0.0805001,0.17134
1817279,2025-03-09 11:56:18.649,0.00612956,0.0829067,0.145423
1817280,2025-03-09 11:56:18.654,0.00764373,0.0949545,0.102969
1817281,2025-03-09 11:56:18.658,0.0295631,0.0810275,0.0844045
1817282,2025-03-09 11:56:18.663,0.0111727,0.0804787,0.0480146
1817283,2025-03-09 11:56:18.668,0.00867265,0.0552363,0.0556579
1817284,2025-03-09 11:56:18.673,0.00638771,0.0589118,0.0476184
1817285,2025-03-09 11:56:18.679,0.0151465,0.0353541,0.0680628
1817286,2025-03-09 11:56:18.683,0.0122,0.021472,0.0942993
1817287,2025-03-09 11:56:18.689,0.00714454,0.0100718,0.0954084
1817288,2025-03-09 11:56:18.693,0.00579488,0.0236497,0.0929928
1817289,2025-03-09 11:56:18.698,-0.0441352,0.00850153,0.0788422
1817290,2025-03-09 11:56:18.702,-0.0604609,0.011272,0.0802526
1817291,2025-03-09 11:56:18.707,-0.0781663,0.0068922,0.0460277
1817292,2025-03-09 11:56:18.712,-0.109237,0.0120368,0.0144477
1817293,2025-03-09 11:56:18.717,-0.121632,0.0278172,0.0246549
1817294,2025-03-09 11:56:18.722,-0.138064,0.0518241,0.053699
1817295,2025-03-09 11:56:18.727,-0.142793,0.0590391,0.0456605
1817296,2025-03-09 11:56:18.732,-0.119327,0.0863328,0.0555158
1817297,2025-03-09 11:56:18.737,-0.111724,0.10272,0.0700212
1817298,2025-03-09 11:56:18.742,-0.104356,0.111856,0.085578
1817299,2025-03-09 11:56:18.747,-0.0793157,0.106594,0.118876
1817300,2025-03-09 11:56:18.751,-0.0189292,0.103704,0.145998
1817301,2025-03-09 11:56:18.756,0.0375575,0.0984278,0.193117
1817302,2025-03-09 11:56:18.761,0.0713176,0.0918584,0.218626
1817303,2025-03-09 11:56:18.766,0.0874327,0.0922961,0.265464
1817304,2025-03-09 11:56:18.771,0.0848686,0.0985708,0.282341
1817305,2025-03-09 11:56:18.776,0.0446138,0.0904512,0.268316
1817306,2025-03-09 11:56:18.781,0.0190486,0.0989695,0.249709
1817307,2025-03-09 11:56:18.786,-0.024139,0.0967646,0.227666
1817308,2025-03-09 11:56:18.791,-0.0529134,0.101865,0.210398
1817309,2025-03-09 11:56:18.795,-0.0768847,0.0855923,0.221722
1817310,2025-03-09 11:56:18.8,-0.0959783,0.0695572,0.213862
1817311,2025-03-09 11:56:18.805,-0.106585,0.0868287,0.222747
1817312,2025-03-09 11:56:18.81,-0.110068,0.0802026,0.22563
1817313,2025-03-09 11:56:18.815,-0.0696504,0.0674486,0.2477
1817314,2025-03-09 11:56:18.82,-0.0378959,0.0629439,0.249555
1817315,2025-03-09 11:56:18.825,-0.0039331,0.0559626,0.221848
1817316,2025-03-09 11:56:18.83,0.0320809,0.0548072,0.181461
1817317,2025-03-09 11:56:18.835,0.0333481,0.0584321,0.156823
1817318,2025-03-09 11:56:18.84,0.0428098,0.0690365,0.128923
1817319,2025-03-09 11:56:18.844,0.0460227,0.0831695,0.0822024
1817320,2025-03-09 11:56:18.849,0.039604,0.101912,0.0608115
1817321,2025-03-09 11:56:18.854,0.025816,0.120587,0.0133891
1817322,2025-03-09 11:56:18.859,0.00231588,0.121392,-0.00762129
1817323,2025-03-09 11:56:18.865,-0.00229335,0.119841,-0.0189967
1817324,2025-03-09 11:56:18.869,0.00239256,0.109971,-0.00296736
1817325,2025-03-09 11:56:18.874,0.0294148,0.102528,0.0129461
1817326,2025-03-09 11:56:18.879,0.0631501,0.0879812,0.0216355
1817327,2025-03-09 11:56:18.884,0.101426,0.0890641,0.0195036
1817328,2025-03-09 11:56:18.889,0.125061,0.0985203,0.0303788
1817329,2025-03-09 11:56:18.893,0.10704,0.0818338,0.0363736
1817330,2025-03-09 11:56:18.898,0.117727,0.0676494,0.0542035
1817331,2025-03-09 11:56:18.903,0.134229,0.0655093,0.0955758
1817332,2025-03-09 11:56:18.908,0.15576,0.0597458,0.134321
1817333,2025-03-09 11:56:18.913,0.13505,0.0683522,0.114541
1817334,2025-03-09 11:56:18.918,0.104265,0.0686822,0.100788
1817335,2025-03-09 11:56:18.923,0.0811028,0.0619235,0.11087
1817336,2025-03-09 11:56:18.928,0.0749228,0.0470476,0.093452
1817337,2025-03-09 11:56:18.933,0.0237818,0.0348363,0.0902772
1817338,2025-03-09 11:56:18.937,-0.0291163,0.0157938,0.0477953
1817339,2025-03-09 11:56:18.942,-0.0649919,0.018415,0.0352182
1817340,2025-03-09 11:56:18.947,-0.0615534,0.0210886,0.0523491
1817341,2025-03-09 11:56:18.952,-0.0478818,-0.00359535,0.0562887
1817342,2025-03-09 11:56:18.957,-0.0702764,-0.0270057,0.0757174
1817343,2025-03-09 11:56:18.962,-0.0607075,-0.0195432,0.0666485
1817344,2025-03-09 11:56:18.967,-0.0407463,-0.0110879,0.0910015
1817345,2025-03-09 11:56:18.972,-0.0104638,0.00532389,0.0928411
1817346,2025-03-09 11:56:18.977,0.00992599,-0.00351334,0.10076
1817347,2025-03-09 11:56:18.982,0.0288556,-0.00410891,0.0861793
1817348,2025-03-09 11:56:18.986,0.0513479,0.0238004,0.0622234
1817349,2025-03-09 11:56:18.991,0.0442152,0.0242987,0.0253091
1817350,2025-03-09 11:56:18.996,0.00523141,0.0392556,0.0170031
1817351,2025-03-09 11:56:19.001,-0.0118853,0.0331097,0.00486374
1817352,2025-03-09 11:56:19.006,-0.0489069,0.047544,-0.0181646
1817353,2025-03-09 11:56:19.011,-0.0726265,0.0526943,-0.0116267
1817354,2025-03-09 11:56:19.016,-0.0722255,0.0521841,0.0230699
1817355,2025-03-09 11:56:19.021,-0.0693458,0.042429,0.046577
1817356,2025-03-09 11:56:19.026,-0.0735137,0.0435953,0.0875597
1817357,2025-03-09 11:56:19.03,-0.0752281,0.0519943,0.137592
1817358,2025-03-09 11:56:19.035,-0.0686242,0.043622,0.170662
1817359,2025-03-09 11:56:19.04,-0.0585854,0.0446653,0.234454
1817360,2025-03-09 11:56:19.045,-0.0522107,0.0395026,0.271833
1817361,2025-03-09 11:56:19.05,-0.030526,0.0400634,0.303191
1817362,2025-03-09 11:56:19.055,-0.0197254,0.0295091,0.319238
1817363,2025-03-09 11:56:19.06,-0.0398894,0.0282025,0.31527
1817364,2025-03-09 11:56:19.065,-0.0207226,0.0419812,0.311655
1817365,2025-03-09 11:56:19.07,-0.0290708,0.0482073,0.273923
1817366,2025-03-09 11:56:19.075,-0.0290242,0.0363865,0.210561
1817367,2025-03-09 11:56:19.079,-0.0266918,0.0400667,0.146562
1817368,2025-03-09 11:56:19.084,-0.018719,0.0603757,0.0925426
1817369,2025-03-09 11:56:19.09,-0.0168962,0.0556669,0.036521
1817370,2025-03-09 11:56:19.094,-0.034303,0.0641665,0.00815916
1817371,2025-03-09 11:56:19.099,-0.00164744,0.0666981,-0.0128751
1817372,2025-03-09 11:56:19.104,0.0212863,0.0716214,-0.0337653
1817373,2025-03-09 11:56:19.109,0.0499183,0.0647521,-0.045094
1817374,2025-03-09 11:56:19.114,0.0616869,0.0509615,-0.0766382
1817375,2025-03-09 11:56:19.12,0.0708678,0.0505219,-0.084342
1817376,2025-03-09 11:56:19.124,0.0572665,0.0621214,-0.094511
1817377,2025-03-09 11:56:19.128,0.0639389,0.0608039,-0.0810661
1817378,2025-03-09 11:56:19.133,0.0752959,0.0418587,-0.0631361
1817379,2025-03-09 11:56:19.139,0.0888603,0.0517173,-0.0443101
1817380,2025-03-09 11:56:19.143,0.0866976,0.0283623,0.00630569
1817381,2025-03-09 11:56:19.148,0.0820741,0.0289216,0.0624514
1817382,2025-03-09 11:56:19.153,0.0621362,0.0270681,0.126472
1817383,2025-03-09 11:56:19.158,0.0543996,0.0356951,0.165235
1817384,2025-03-09 11:56:19.163,0.0516599,0.0261354,0.219391
1817385,2025-03-09 11:56:19.168,0.0896937,0.0259113,0.254336
1817386,2025-03-09 11:56:19.172,0.107729,0.0409508,0.228623
1817387,2025-03-09 11:56:19.177,0.0891374,0.0712166,0.192527
1817388,2025-03-09 11:56:19.182,0.0660459,0.091732,0.165047
1817389,2025-03-09 11:56:19.187,0.0409034,0.120469,0.131792
1817390,2025-03-09 11:56:19.192,0.0278161,0.123056,0.0772614
1817391,2025-03-09 11:56:19.197,0.0266124,0.1435,0.0539827
1817392,2025-03-09 11:56:19.202,0.0408387,0.129444,0.0545526
1817393,2025-03-09 11:56:19.207,0.0669167,0.131011,0.0716743
1817394,2025-03-09 11:56:19.212,0.0787123,0.145641,0.0708394
1817395,2025-03-09 11:56:19.217,0.103644,0.14937,0.081975
1817396,2025-03-09 11:56:19.221,0.101302,0.138795,0.115608
1817397,2025-03-09 11:56:19.226,0.0825138,0.140101,0.112237
1817398,2025-03-09 11:56:19.231,0.0450639,0.125911,0.0911446
1817399,2025-03-09 11:56:19.236,0.0210521,0.112901,0.0727172
1817400,2025-03-09 11:56:19.241,-0.00403264,0.0774655,0.0330534
1817401,2025-03-09 11:56:19.246,-0.0208354,0.0625734,0.00552034
1817402,2025-03-09 11:56:19.251,-0.031954,0.0347772,0.00309992
1817403,2025-03-09 11:56:19.256,-0.0456272,0.0131259,0.0125799
1817404,2025-03-09 11:56:19.261,-0.0701016,0.0130415,0.0361977
1817405,2025-03-09 11:56:19.266,-0.085122,0.0128527,0.0478306
1817406,2025-03-09 11:56:19.27,-0.10263,-0.0122571,0.0474792
1817407,2025-03-09 11:56:19.275,-0.117836,-0.0252914,0.0328803
1817408,2025-03-09 11:56:19.28,-0.120096,-0.0357461,0.0349245
1817409,2025-03-09 11:56:19.285,-0.129787,-0.0484138,0.0511165
1817410,2025-03-09 11:56:19.29,-0.125298,-0.0681047,0.0909133
1817411,2025-03-09 11:56:19.296,-0.137482,-0.0639205,0.125658
1817412,2025-03-09 11:56:19.3,-0.104273,-0.0645471,0.147087
1817413,2025-03-09 11:56:19.305,-0.0736965,-0.065176,0.173094
1817414,2025-03-09 11:56:19.31,-0.0373208,-0.0729814,0.185885
1817415,2025-03-09 11:56:19.314,-0.0154524,-0.0891027,0.206944
1817416,2025-03-09 11:56:19.319,-0.0101899,-0.0825582,0.208864
1817417,2025-03-09 11:56:19.324,-0.0177175,-0.0595641,0.20495
1817418,2025-03-09 11:56:19.329,-0.0093829,-0.0428019,0.189306
1817419,2025-03-09 11:56:19.334,0.0159174,-0.040432,0.170258
1817420,2025-03-09 11:56:19.339,0.0425022,-0.0309362,0.147799
1817421,2025-03-09 11:56:19.349,0.0223483,-0.0109181,0.0796876
1817422,2025-03-09 11:56:19.354,0.0114057,-0.00273275,0.0377173
1817423,2025-03-09 11:56:19.354,0.0114057,-0.00273275,0.0377173
1817424,2025-03-09 11:56:19.359,-0.00906792,0.010201,0.00315237
1817425,2025-03-09 11:56:19.363,-0.0105729,0.040947,-0.0241122
1817426,2025-03-09 11:56:19.368,-0.0050543,0.0501313,-0.0262804
1817427,2025-03-09 11:56:19.383,0.0095686,0.071959,-0.0335078
1817428,2025-03-09 11:56:19.383,0.0095686,0.071959,-0.0335078
1817429,2025-03-09 11:56:19.384,0.0095686,0.071959,-0.0335078
1817430,2025-03-09 11:56:19.388,0.022728,0.0900731,-0.0484033
1817431,2025-03-09 11:56:19.393,0.0165192,0.0866981,-0.0620251
1817432,2025-03-09 11:56:19.398,0.0292247,0.0964956,-0.0815525
1817433,2025-03-09 11:56:19.403,0.0452161,0.122965,-0.0974832
1817434,2025-03-09 11:56:19.407,0.0313892,0.136359,-0.103967
1817435,2025-03-09 11:56:19.412,0.030739,0.142677,-0.0951037
1817436,2025-03-09 11:56:19.417,0.0300795,0.140844,-0.0449581
1817437,2025-03-09 11:56:19.422,0.0259312,0.130882,-0.0155549
1817438,2025-03-09 11:56:19.427,0.0302189,0.110497,0.0170107
1817439,2025-03-09 11:56:19.432,0.0191418,0.0915136,0.0825071
1817440,2025-03-09 11:56:19.437,0.0129594,0.0845447,0.127293
1817441,2025-03-09 11:56:19.442,0.0128471,0.0716696,0.17411
1817442,2025-03-09 11:56:19.447,-0.00620615,0.0445132,0.231352
1817443,2025-03-09 11:56:19.452,0.00339723,0.0363951,0.296587
1817444,2025-03-09 11:56:19.456,-0.000139236,0.00661373,0.336675
1817445,2025-03-09 11:56:19.461,0.0118591,-0.0138531,0.375629
1817446,2025-03-09 11:56:19.466,0.0275644,-0.00614882,0.398086
1817447,2025-03-09 11:56:19.471,0.0374466,-0.00850391,0.367393
1817448,2025-03-09 11:56:19.476,0.0213823,-0.0147042,0.320618
1817449,2025-03-09 11:56:19.481,0.00205076,-0.0305195,0.241154
1817450,2025-03-09 11:56:19.486,-0.00866085,-0.0226498,0.128103
1817451,2025-03-09 11:56:19.491,-0.0204969,-0.0301938,0.0313501
1817452,2025-03-09 11:56:19.496,-0.0311842,-0.0446196,-0.0600128
1817453,2025-03-09 11:56:19.501,-0.0395906,-0.0468531,-0.157923
1817454,2025-03-09 11:56:19.506,-0.0174027,-0.0463285,-0.231618
1817455,2025-03-09 11:56:19.51,-0.018268,-0.0418553,-0.278946
1817456,2025-03-09 11:56:19.515,0.00913993,-0.037159,-0.286949
1817457,2025-03-09 11:56:19.52,0.0408165,-0.0298433,-0.29159
1817458,2025-03-09 11:56:19.525,0.0531378,-0.0438395,-0.25594
1817459,2025-03-09 11:56:19.53,0.0581437,-0.0327926,-0.225337
1817460,2025-03-09 11:56:19.535,0.0476362,-0.0527644,-0.202058
1817461,2025-03-09 11:56:19.54,0.0383902,-0.054791,-0.159956
1817462,2025-03-09 11:56:19.545,0.0374927,-0.0924582,-0.165648
1817463,2025-03-09 11:56:19.549,0.0269693,-0.0976458,-0.171402
1817464,2025-03-09 11:56:19.555,-0.000384957,-0.119322,-0.151084
1817465,2025-03-09 11:56:19.559,-0.000364602,-0.121735,-0.1239
1817466,2025-03-09 11:56:19.564,0.0162701,-0.113297,-0.103009
1817467,2025-03-09 11:56:19.569,0.014007,-0.0917602,-0.095439
1817468,2025-03-09 11:56:19.574,0.0250925,-0.0774555,-0.0630536
1817469,2025-03-09 11:56:19.584,0.0938913,-0.0488272,-0.0158753
1817470,2025-03-09 11:56:19.584,0.0938913,-0.0488272,-0.0158753
1817471,2025-03-09 11:56:19.589,0.0966984,-0.0428667,-0.00221634
1817472,2025-03-09 11:56:19.594,0.0748249,-0.0227504,0.0386777
1817473,2025-03-09 11:56:19.598,0.0651776,-0.0123396,0.0626574
1817474,2025-03-09 11:56:19.603,0.0475023,0.00382996,0.0829649
1817475,2025-03-09 11:56:19.608,0.0208211,0.00912857,0.0912952
1817476,2025-03-09 11:56:19.613,0.0039852,0.0118947,0.102038
1817477,2025-03-09 11:56:19.618,-0.00899836,-0.00215387,0.12947
1817478,2025-03-09 11:56:19.623,-0.0169968,-0.0198345,0.130733
1817479,2025-03-09 11:56:19.629,-0.0425204,-0.0339823,0.0929785
1817480,2025-03-09 11:56:19.633,-0.0464358,-0.0208306,0.0520868
1817481,2025-03-09 11:56:19.638,-0.0765868,-0.0529742,0.019908
1817482,2025-03-09 11:56:19.642,-0.0866079,-0.0706587,-0.0297747
1817483,2025-03-09 11:56:19.647,-0.0660833,-0.0632606,-0.0576997
1817484,2025-03-09 11:56:19.652,-0.0710044,-0.0511451,-0.0711904
1817485,2025-03-09 11:56:19.657,-0.0548125,-0.0486403,-0.0916939
1817486,2025-03-09 11:56:19.662,-0.024873,-0.0449762,-0.0930419
1817487,2025-03-09 11:56:19.667,0.00928882,-0.0687776,-0.0693464
1817488,2025-03-09 11:56:19.672,0.0430979,-0.0853291,-0.0434141
1817489,2025-03-09 11:56:19.682,0.0418011,-0.0614204,-0.0381842
1817490,2025-03-09 11:56:19.682,0.0418011,-0.0614204,-0.0381842
1817491,2025-03-09 11:56:19.687,0.0498447,-0.0613494,-0.0659585
1817492,2025-03-09 11:56:19.691,0.0365009,-0.0682878,-0.0686717
1817493,2025-03-09 11:56:19.697,0.015105,-0.0856562,-0.0857759
1817494,2025-03-09 11:56:19.701,0.0012309,-0.105038,-0.0851135
1817495,2025-03-09 11:56:19.706,-0.0206753,-0.105112,-0.0810261
1817496,2025-03-09 11:56:19.711,-0.0256735,-0.100317,-0.0830092
1817497,2025-03-09 11:56:19.716,-0.0412958,-0.0859361,-0.0649104
1817498,2025-03-09 11:56:19.721,-0.0283656,-0.0918369,-0.0457945
1817499,2025-03-09 11:56:19.726,-0.0227107,-0.0929804,-0.0291781
1817500,2025-03-09 11:56:19.731,-0.0208792,-0.0978756,-0.0149059
1817501,2025-03-09 11:56:19.736,0.00581485,-0.0851164,0.000604153
1817502,2025-03-09 11:56:19.74,0.0251237,-0.0857811,-0.000403881
1817503,2025-03-09 11:56:19.745,0.0655767,-0.0865989,0.00348282
1817504,2025-03-09 11:56:19.751,0.0843702,-0.0769153,-0.0079236
1817505,2025-03-09 11:56:19.755,0.0591183,-0.0733843,-0.0369182
1817506,2025-03-09 11:56:19.76,0.0446997,-0.0663652,-0.0561376
1817507,2025-03-09 11:56:19.765,0.0398888,-0.062933,-0.0859108
1817508,2025-03-09 11:56:19.77,0.0376803,-0.061821,-0.124998
1817509,2025-03-09 11:56:19.775,0.0154668,-0.0606179,-0.156717
1817510,2025-03-09 11:56:19.78,0.00537011,-0.0556149,-0.20145
1817511,2025-03-09 11:56:19.784,0.0202285,-0.0837312,-0.210344
1817512,2025-03-09 11:56:19.789,0.00754997,-0.0639486,-0.21577
1817513,2025-03-09 11:56:19.794,0.0115261,-0.0655961,-0.228367
1817514,2025-03-09 11:56:19.8,0.0297374,-0.0659919,-0.210041
1817515,2025-03-09 11:56:19.804,0.0406489,-0.0746698,-0.177643
1817516,2025-03-09 11:56:19.809,0.0468257,-0.0892859,-0.159689
1817517,2025-03-09 11:56:19.814,0.0445337,-0.0931869,-0.134687
1817518,2025-03-09 11:56:19.819,0.0635045,-0.099504,-0.152567
1817519,2025-03-09 11:56:19.825,0.0701541,-0.108231,-0.140556
1817520,2025-03-09 11:56:19.829,0.0479926,-0.106154,-0.127513
1817521,2025-03-09 11:56:19.833,0.0555553,-0.116086,-0.112103
1817522,2025-03-09 11:56:19.838,0.0488039,-0.104576,-0.103937
1817523,2025-03-09 11:56:19.843,0.0518123,-0.0848379,-0.104152
1817524,2025-03-09 11:56:19.848,0.0324428,-0.0687323,-0.104439
1817525,2025-03-09 11:56:19.858,-0.00274754,-0.0766459,-0.105476
1817526,2025-03-09 11:56:19.858,-0.00274754,-0.0766459,-0.105476
1817527,2025-03-09 11:56:19.863,-0.0330597,-0.0872817,-0.124098
1817528,2025-03-09 11:56:19.868,-0.0418387,-0.0798483,-0.127294
1817529,2025-03-09 11:56:19.873,-0.0696385,-0.0865459,-0.114006
1817530,2025-03-09 11:56:19.877,-0.061671,-0.0764365,-0.0902643
1817531,2025-03-09 11:56:19.882,-0.0727869,-0.0926633,-0.0404859
1817532,2025-03-09 11:56:19.887,-0.0922014,-0.120805,-0.00639677
1817533,2025-03-09 11:56:19.892,-0.0734774,-0.122949,0.0300965
1817534,2025-03-09 11:56:19.897,-0.0644839,-0.131386,0.0476241
1817535,2025-03-09 11:56:19.902,-0.0735812,-0.122279,0.00593758
1817536,2025-03-09 11:56:19.907,-0.0685051,-0.119507,-0.0279965
1817537,2025-03-09 11:56:19.913,-0.0495418,-0.131238,-0.0483961
1817538,2025-03-09 11:56:19.917,-0.0334669,-0.124098,-0.0815034
1817539,2025-03-09 11:56:19.922,-0.0306591,-0.102882,-0.115427
1817540,2025-03-09 11:56:19.926,-0.000843942,-0.0853772,-0.157414
1817541,2025-03-09 11:56:19.931,0.00712755,-0.0833874,-0.178939
1817542,2025-03-09 11:56:19.936,0.0195397,-0.078898,-0.201608
1817543,2025-03-09 11:56:19.941,0.0295648,-0.0814538,-0.212315
1817544,2025-03-09 11:56:19.946,0.0101195,-0.0671682,-0.208852
1817545,2025-03-09 11:56:19.951,0.0280232,-0.0718427,-0.190106
1817546,2025-03-09 11:56:19.956,0.0402401,-0.0834293,-0.185894
1817547,2025-03-09 11:56:19.961,0.0456862,-0.097044,-0.185481
1817548,2025-03-09 11:56:19.966,0.0455958,-0.10436,-0.204268
1817549,2025-03-09 11:56:19.971,0.0517868,-0.110032,-0.219675
1817550,2025-03-09 11:56:19.975,0.0437884,-0.0928211,-0.204336
1817551,2025-03-09 11:56:19.98,0.0108747,-0.0862799,-0.18452
1817552,2025-03-09 11:56:19.985,0.0207681,-0.0784822,-0.151931
1817553,2025-03-09 11:56:19.991,0.0114478,-0.0897598,-0.113669
1817554,2025-03-09 11:56:19.995,0.0257238,-0.0879846,-0.0625911
1817555,2025-03-09 11:56:20,0.0349867,-0.0900087,-0.0224285
1817556,2025-03-09 11:56:20.005,0.0417407,-0.0732889,0.0200095
1817557,2025-03-09 11:56:20.01,0.0399752,-0.0748758,0.0351062
1817558,2025-03-09 11:56:20.015,0.0664619,-0.0826678,0.0657506
1817559,2025-03-09 11:56:20.019,0.0974122,-0.0763855,0.0666695
1817560,2025-03-09 11:56:20.024,0.104519,-0.0774989,0.0665984
1817561,2025-03-09 11:56:20.029,0.0760739,-0.0573359,0.0381327
1817562,2025-03-09 11:56:20.034,0.0362691,-0.0493259,0.0325737
1817563,2025-03-09 11:56:20.039,0.024323,-0.0425725,0.00689411
1817564,2025-03-09 11:56:20.044,0.0175224,-0.0536947,-0.0173602
1817565,2025-03-09 11:56:20.049,0.0314175,-0.0611076,-0.0426273
1817566,2025-03-09 11:56:20.054,0.0301882,-0.0826077,-0.106924
1817567,2025-03-09 11:56:20.059,0.030493,-0.0836272,-0.174337
1817568,2025-03-09 11:56:20.064,0.0463177,-0.074976,-0.218778
1817569,2025-03-09 11:56:20.068,0.029972,-0.0839996,-0.247597
1817570,2025-03-09 11:56:20.073,0.0158987,-0.0632262,-0.282163
1817571,2025-03-09 11:56:20.078,0.0145979,-0.0686588,-0.293977
1817572,2025-03-09 11:56:20.083,0.00929388,-0.0526185,-0.329512
1817573,2025-03-09 11:56:20.088,-0.0071364,-0.035418,-0.35537
1817574,2025-03-09 11:56:20.093,-0.0263009,-0.0288992,-0.352678
1817575,2025-03-09 11:56:20.098,-0.0257494,-0.0533156,-0.317972
1817576,2025-03-09 11:56:20.103,-0.0183396,-0.0810504,-0.28835
1817577,2025-03-09 11:56:20.108,-0.00751588,-0.0872293,-0.257754
1817578,2025-03-09 11:56:20.112,-0.00271654,-0.111277,-0.210691
1817579,2025-03-09 11:56:20.117,0.0353256,-0.139861,-0.177087
1817580,2025-03-09 11:56:20.122,0.048219,-0.158707,-0.134263
1817581,2025-03-09 11:56:20.127,0.0599326,-0.160801,-0.100079
1817582,2025-03-09 11:56:20.132,0.0586599,-0.156965,-0.0851445
1817583,2025-03-09 11:56:20.137,0.0422928,-0.150832,-0.0489125
1817584,2025-03-09 11:56:20.142,0.0371488,-0.156675,-0.00579166
1817585,2025-03-09 11:56:20.147,0.0324574,-0.132812,0.0180125
1817586,2025-03-09 11:56:20.152,0.0365192,-0.111588,0.00727081
1817587,2025-03-09 11:56:20.157,0.0170224,-0.134465,-0.0140538
1817588,2025-03-09 11:56:20.161,0.0202724,-0.130936,-0.019856
1817589,2025-03-09 11:56:20.166,-0.00386736,-0.124986,-0.0126224
1817590,2025-03-09 11:56:20.171,-0.00171149,-0.112033,-0.0125108
1817591,2025-03-09 11:56:20.176,-0.023234,-0.0872951,-0.004107
1817592,2025-03-09 11:56:20.182,-0.0408877,-0.0711765,-0.000422478
1817593,2025-03-09 11:56:20.186,-0.0416502,-0.0731335,0.0211654
1817594,2025-03-09 11:56:20.191,-0.043571,-0.0858645,-0.00481272
1817595,2025-03-09 11:56:20.196,-0.0751264,-0.0891132,-0.0340276
1817596,2025-03-09 11:56:20.201,-0.0827304,-0.0912437,-0.0676632
1817597,2025-03-09 11:56:20.206,-0.071449,-0.11003,-0.108099
1817598,2025-03-09 11:56:20.21,-0.065102,-0.106088,-0.155342
1817599,2025-03-09 11:56:20.215,-0.0697803,-0.104582,-0.181997
1817600,2025-03-09 11:56:20.22,-0.0568743,-0.0959544,-0.195395
1817601,2025-03-09 11:56:20.225,-0.0372033,-0.0850353,-0.220555
1817602,2025-03-09 11:56:20.23,-0.00237882,-0.0801134,-0.244349
1817603,2025-03-09 11:56:20.236,0.0343843,-0.0775971,-0.225225
1817604,2025-03-09 11:56:20.24,0.0540971,-0.0596247,-0.226489
1817605,2025-03-09 11:56:20.245,0.0725095,-0.0536141,-0.219481
1817606,2025-03-09 11:56:20.25,0.0611272,-0.0630317,-0.18765
1817607,2025-03-09 11:56:20.255,0.0737364,-0.0663948,-0.184603
1817608,2025-03-09 11:56:20.259,0.0306428,-0.0696807,-0.193487
1817609,2025-03-09 11:56:20.264,-0.00132909,-0.0752234,-0.18338
1817610,2025-03-09 11:56:20.269,-0.00700966,-0.0865135,-0.159245
1817611,2025-03-09 11:56:20.274,-0.00772706,-0.110688,-0.134186
1817612,2025-03-09 11:56:20.279,-0.0190092,-0.151263,-0.122404
1817613,2025-03-09 11:56:20.284,-0.0325128,-0.165425,-0.120178
1817614,2025-03-09 11:56:20.289,-0.0304378,-0.160502,-0.102511
1817615,2025-03-09 11:56:20.294,-0.0484692,-0.162739,-0.0909271
1817616,2025-03-09 11:56:20.299,-0.0496385,-0.173262,-0.0972452
1817617,2025-03-09 11:56:20.303,-0.0519301,-0.171854,-0.0975485
1817618,2025-03-09 11:56:20.308,-0.0566674,-0.174078,-0.123914
1817619,2025-03-09 11:56:20.313,-0.0377454,-0.184652,-0.126273
1817620,2025-03-09 11:56:20.318,-0.02274,-0.175016,-0.130944
1817621,2025-03-09 11:56:20.323,-0.0186381,-0.171394,-0.12015
1817622,2025-03-09 11:56:20.328,-0.0169189,-0.161952,-0.129549
1817623,2025-03-09 11:56:20.333,-0.053288,-0.132476,-0.129315
1817624,2025-03-09 11:56:20.338,-0.0847236,-0.135425,-0.109982
1817625,2025-03-09 11:56:20.343,-0.094669,-0.143178,-0.119235
1817626,2025-03-09 11:56:20.348,-0.0821217,-0.159273,-0.122396
1817627,2025-03-09 11:56:20.352,-0.0661274,-0.178868,-0.129026
1817628,2025-03-09 11:56:20.357,-0.0490341,-0.179379,-0.147403
1817629,2025-03-09 11:56:20.362,-0.0356376,-0.150156,-0.172798
1817630,2025-03-09 11:56:20.367,-0.0272312,-0.144853,-0.186175
1817631,2025-03-09 11:56:20.372,0.00132352,-0.14071,-0.168638
1817632,2025-03-09 11:56:20.377,0.0392498,-0.149599,-0.163167
1817633,2025-03-09 11:56:20.382,0.0712886,-0.127563,-0.161272
1817634,2025-03-09 11:56:20.387,0.0963557,-0.13297,-0.181965
1817635,2025-03-09 11:56:20.392,0.0835841,-0.109786,-0.196584
1817636,2025-03-09 11:56:20.396,0.0960905,-0.122321,-0.201649
1817637,2025-03-09 11:56:20.401,0.0992111,-0.123991,-0.204355
1817638,2025-03-09 11:56:20.406,0.0738117,-0.126663,-0.230934
1817639,2025-03-09 11:56:20.411,0.0164601,-0.141095,-0.225327
1817640,2025-03-09 11:56:20.416,-0.00253552,-0.161253,-0.218662
1817641,2025-03-09 11:56:20.422,-0.0309305,-0.170575,-0.204922
1817642,2025-03-09 11:56:20.426,-0.0306895,-0.17167,-0.187593
1817643,2025-03-09 11:56:20.431,-0.0459848,-0.183491,-0.185802
1817644,2025-03-09 11:56:20.436,-0.0565796,-0.208412,-0.18628
1817645,2025-03-09 11:56:20.441,-0.0576357,-0.224866,-0.196209
1817646,2025-03-09 11:56:20.445,-0.0671142,-0.221019,-0.225039
1817647,2025-03-09 11:56:20.45,-0.0731003,-0.207602,-0.267977
1817648,2025-03-09 11:56:20.455,-0.0686376,-0.226227,-0.313054
1817649,2025-03-09 11:56:20.46,-0.0800259,-0.215949,-0.329518
1817650,2025-03-09 11:56:20.466,-0.0787849,-0.198412,-0.32708
1817651,2025-03-09 11:56:20.47,-0.064796,-0.183078,-0.297659
1817652,2025-03-09 11:56:20.475,-0.0464042,-0.187848,-0.257997
1817653,2025-03-09 11:56:20.48,-0.0364545,-0.18537,-0.198558
1817654,2025-03-09 11:56:20.485,-0.000386775,-0.181798,-0.0991874
1817655,2025-03-09 11:56:20.489,0.0047206,-0.204412,-0.0362091
1817656,2025-03-09 11:56:20.494,0.0325223,-0.202122,0.0228858
1817657,2025-03-09 11:56:20.499,0.00690502,-0.220292,0.082922
1817658,2025-03-09 11:56:20.504,-0.0336764,-0.219662,0.113103
1817659,2025-03-09 11:56:20.509,-0.0511981,-0.228808,0.120732
1817660,2025-03-09 11:56:20.514,-0.0803063,-0.237033,0.106059
1817661,2025-03-09 11:56:20.519,-0.0936403,-0.247719,0.0560398
1817662,2025-03-09 11:56:20.524,-0.0937942,-0.241816,-0.0278811
1817663,2025-03-09 11:56:20.529,-0.0976155,-0.206219,-0.123038
1817664,2025-03-09 11:56:20.534,-0.0934573,-0.171959,-0.194998
1817665,2025-03-09 11:56:20.538,-0.0660325,-0.144876,-0.259466
1817666,2025-03-09 11:56:20.543,-0.0392869,-0.120155,-0.308201
1817667,2025-03-09 11:56:20.548,-0.00466093,-0.0918984,-0.296164
1817668,2025-03-09 11:56:20.553,0.0224484,-0.0697536,-0.274787
1817669,2025-03-09 11:56:20.558,0.067158,-0.0620809,-0.244053
1817670,2025-03-09 11:56:20.563,0.100986,-0.0627904,-0.226614
1817671,2025-03-09 11:56:20.568,0.114533,-0.0529222,-0.189032
1817672,2025-03-09 11:56:20.573,0.107861,-0.062222,-0.184913
1817673,2025-03-09 11:56:20.578,0.0990569,-0.0691304,-0.17839
1817674,2025-03-09 11:56:20.583,0.0904808,-0.083169,-0.162358
1817675,2025-03-09 11:56:20.588,0.0773804,-0.0816798,-0.160678
1817676,2025-03-09 11:56:20.592,0.0656294,-0.0944357,-0.162581
1817677,2025-03-09 11:56:20.597,0.05387,-0.124971,-0.150158
1817678,2025-03-09 11:56:20.602,0.0577048,-0.136257,-0.123591
1817679,2025-03-09 11:56:20.607,0.0426725,-0.141526,-0.150645
1817680,2025-03-09 11:56:20.612,0.0277976,-0.145602,-0.14776
1817681,2025-03-09 11:56:20.617,0.027153,-0.179345,-0.141322
1817682,2025-03-09 11:56:20.622,0.0393384,-0.208087,-0.150357
1817683,2025-03-09 11:56:20.627,0.0289326,-0.228323,-0.146217
1817684,2025-03-09 11:56:20.631,0.019765,-0.221014,-0.158798
1817685,2025-03-09 11:56:20.636,0.0332906,-0.226922,-0.169996
1817686,2025-03-09 11:56:20.641,0.0811096,-0.230452,-0.122893
1817687,2025-03-09 11:56:20.647,0.123943,-0.218616,-0.0855851
1817688,2025-03-09 11:56:20.651,0.13827,-0.218894,-0.0709972
1817689,2025-03-09 11:56:20.657,0.155352,-0.206139,-0.0790343
1817690,2025-03-09 11:56:20.661,0.138337,-0.197095,-0.0881314
1817691,2025-03-09 11:56:20.666,0.107546,-0.192742,-0.123369
1817692,2025-03-09 11:56:20.671,0.062993,-0.207195,-0.176311
1817693,2025-03-09 11:56:20.676,0.0140631,-0.215283,-0.227902
1817694,2025-03-09 11:56:20.68,-0.0156419,-0.227692,-0.244971
1817695,2025-03-09 11:56:20.685,-0.053517,-0.259791,-0.252753
1817696,2025-03-09 11:56:20.69,-0.0780973,-0.267726,-0.245182
1817697,2025-03-09 11:56:20.695,-0.0895548,-0.293349,-0.197368
1817698,2025-03-09 11:56:20.7,-0.0937366,-0.292688,-0.135663
1817699,2025-03-09 11:56:20.705,-0.0739977,-0.288677,-0.115828
1817700,2025-03-09 11:56:20.71,-0.0803659,-0.286204,-0.135035
1817701,2025-03-09 11:56:20.715,-0.0699707,-0.300545,-0.152734
1817702,2025-03-09 11:56:20.72,-0.0704449,-0.301946,-0.184322
1817703,2025-03-09 11:56:20.724,-0.0546171,-0.302298,-0.246393
1817704,2025-03-09 11:56:20.73,-0.0369965,-0.287327,-0.304307
1817705,2025-03-09 11:56:20.734,-0.00926253,-0.276039,-0.351079
1817706,2025-03-09 11:56:20.739,0.0119064,-0.224524,-0.380828
1817707,2025-03-09 11:56:20.744,0.0279475,-0.18526,-0.39139
1817708,2025-03-09 11:56:20.749,0.0222991,-0.163986,-0.407939
1817709,2025-03-09 11:56:20.754,0.0403151,-0.127191,-0.434093
1817710,2025-03-09 11:56:20.759,0.030774,-0.129585,-0.434179
1817711,2025-03-09 11:56:20.764,0.0152028,-0.129272,-0.421498
1817712,2025-03-09 11:56:20.769,-0.0109584,-0.14293,-0.381871
1817713,2025-03-09 11:56:20.773,-0.0225856,-0.160951,-0.30839
1817714,2025-03-09 11:56:20.778,-0.0351416,-0.166861,-0.25696
1817715,2025-03-09 11:56:20.783,-0.041454,-0.167961,-0.200025
1817716,2025-03-09 11:56:20.788,-0.0582337,-0.185835,-0.133912
1817717,2025-03-09 11:56:20.793,-0.0463451,-0.206036,-0.0908093
1817718,2025-03-09 11:56:20.798,-0.0558811,-0.219232,-0.0573039
1817719,2025-03-09 11:56:20.804,-0.0511648,-0.209902,-0.073812
1817720,2025-03-09 11:56:20.808,-0.0301754,-0.212725,-0.0710216
1817721,2025-03-09 11:56:20.813,-0.0204968,-0.199043,-0.0859618
1817722,2025-03-09 11:56:20.818,0.00301167,-0.187977,-0.0816836
1817723,2025-03-09 11:56:20.822,0.0177517,-0.160544,-0.0808735
1817724,2025-03-09 11:56:20.827,0.0786397,-0.152452,-0.0431638
1817725,2025-03-09 11:56:20.833,0.145048,-0.144557,-0.00327396
1817726,2025-03-09 11:56:20.837,0.166265,-0.132137,0.00796032
1817727,2025-03-09 11:56:20.842,0.183191,-0.113862,0.0108023
1817728,2025-03-09 11:56:20.847,0.157945,-0.12423,0.0267138
1817729,2025-03-09 11:56:20.853,0.138454,-0.133355,0.0176306
1817730,2025-03-09 11:56:20.857,0.116448,-0.152903,-0.0472918
1817731,2025-03-09 11:56:20.862,0.0882094,-0.154247,-0.156958
1817732,2025-03-09 11:56:20.867,0.0593598,-0.188565,-0.206565
1817733,2025-03-09 11:56:20.871,0.055858,-0.221188,-0.254764
1817734,2025-03-09 11:56:20.876,0.0477066,-0.231959,-0.299184
1817735,2025-03-09 11:56:20.881,0.0418957,-0.205659,-0.344589
1817736,2025-03-09 11:56:20.886,0.0191238,-0.202059,-0.380205
1817737,2025-03-09 11:56:20.891,0.00661394,-0.192551,-0.391816
1817738,2025-03-09 11:56:20.896,0.0171766,-0.189049,-0.390318
1817739,2025-03-09 11:56:20.901,0.0374914,-0.196359,-0.3876
1817740,2025-03-09 11:56:20.907,0.0510119,-0.175222,-0.362292
1817741,2025-03-09 11:56:20.911,0.0769235,-0.163853,-0.3407
1817742,2025-03-09 11:56:20.915,0.083248,-0.146674,-0.290789
1817743,2025-03-09 11:56:20.92,0.0524432,-0.154669,-0.241216
1817744,2025-03-09 11:56:20.925,0.0312941,-0.168571,-0.184904
1817745,2025-03-09 11:56:20.93,0.0198339,-0.176371,-0.15997
1817746,2025-03-09 11:56:20.935,-0.0257769,-0.184036,-0.141231
1817747,2025-03-09 11:56:20.94,-0.0647869,-0.20219,-0.0835786
1817748,2025-03-09 11:56:20.945,-0.0641322,-0.224883,-0.0644369
1817749,2025-03-09 11:56:20.95,-0.0525282,-0.23076,-0.00508738
1817750,2025-03-09 11:56:20.955,-0.0477306,-0.243757,0.0360246
1817751,2025-03-09 11:56:20.959,-0.0400731,-0.230532,0.0483303
1817752,2025-03-09 11:56:20.964,-0.0380464,-0.215127,0.041636
1817753,2025-03-09 11:56:20.969,-0.0169278,-0.198727,0.0481172
1817754,2025-03-09 11:56:20.974,-0.00183138,-0.197972,0.0225663
1817755,2025-03-09 11:56:20.979,0.0308532,-0.191461,0.017561
1817756,2025-03-09 11:56:20.984,0.029943,-0.179338,0.0104589
1817757,2025-03-09 11:56:20.989,0.0455966,-0.153309,0.00837326
1817758,2025-03-09 11:56:20.995,0.0598569,-0.114761,-0.001719
1817759,2025-03-09 11:56:20.999,0.0620916,-0.102995,0.00519705
1817760,2025-03-09 11:56:21.004,0.0523064,-0.107038,-0.0423055
1817761,2025-03-09 11:56:21.008,0.0283267,-0.111238,-0.0916162
1817762,2025-03-09 11:56:21.013,0.0318201,-0.0906086,-0.133275
1817763,2025-03-09 11:56:21.018,0.0164418,-0.0879102,-0.213794
1817764,2025-03-09 11:56:21.023,0.00719813,-0.0838323,-0.286708
1817765,2025-03-09 11:56:21.028,0.00880212,-0.0913954,-0.328382
1817766,2025-03-09 11:56:21.033,0.0139712,-0.100896,-0.3831
1817767,2025-03-09 11:56:21.038,0.0441462,-0.123032,-0.418671
1817768,2025-03-09 11:56:21.043,0.0681014,-0.107807,-0.444788
1817769,2025-03-09 11:56:21.048,0.0704366,-0.117269,-0.422352
1817770,2025-03-09 11:56:21.053,0.0702179,-0.116863,-0.390878
1817771,2025-03-09 11:56:21.057,0.0578839,-0.118684,-0.334885
1817772,2025-03-09 11:56:21.063,0.0716289,-0.162072,-0.259155
1817773,2025-03-09 11:56:21.067,0.100562,-0.156559,-0.187506
1817774,2025-03-09 11:56:21.072,0.098294,-0.164217,-0.122334
1817775,2025-03-09 11:56:21.077,0.0852538,-0.186291,-0.0515633
1817776,2025-03-09 11:56:21.082,0.0745307,-0.211991,0.0402017
1817777,2025-03-09 11:56:21.087,0.0652404,-0.209371,0.0959406
1817778,2025-03-09 11:56:21.092,0.0397055,-0.229715,0.13021
1817779,2025-03-09 11:56:21.097,0.0266448,-0.257424,0.15034
1817780,2025-03-09 11:56:21.101,0.0106144,-0.267349,0.143249
1817781,2025-03-09 11:56:21.106,-0.00833732,-0.271427,0.0770426
1817782,2025-03-09 11:56:21.111,-0.0504787,-0.264814,-0.0170569
1817783,2025-03-09 11:56:21.116,-0.073153,-0.252208,-0.110467
1817784,2025-03-09 11:56:21.121,-0.0885653,-0.251352,-0.187871
1817785,2025-03-09 11:56:21.126,-0.0694437,-0.219451,-0.256492
1817786,2025-03-09 11:56:21.131,-0.0482031,-0.198326,-0.324699
1817787,2025-03-09 11:56:21.136,-0.026026,-0.184317,-0.350957
1817788,2025-03-09 11:56:21.141,-0.00180233,-0.14777,-0.353351
1817789,2025-03-09 11:56:21.146,0.0220694,-0.132837,-0.364095
1817790,2025-03-09 11:56:21.15,0.0241847,-0.123971,-0.365256
1817791,2025-03-09 11:56:21.155,0.0237092,-0.150857,-0.384163
1817792,2025-03-09 11:56:21.16,0.0180638,-0.158553,-0.368487
1817793,2025-03-09 11:56:21.165,-0.00688717,-0.191127,-0.361256
1817794,2025-03-09 11:56:21.17,-0.034463,-0.213893,-0.366017
1817795,2025-03-09 11:56:21.175,-0.0561868,-0.231537,-0.366172
1817796,2025-03-09 11:56:21.18,-0.0616036,-0.231084,-0.345113
1817797,2025-03-09 11:56:21.185,-0.0102574,-0.23297,-0.275609
1817798,2025-03-09 11:56:21.19,0.00036633,-0.234797,-0.224525
1817799,2025-03-09 11:56:21.194,0.0243391,-0.237774,-0.167931
1817800,2025-03-09 11:56:21.199,0.00705463,-0.205021,-0.153415
1817801,2025-03-09 11:56:21.204,0.00331965,-0.180721,-0.148614
1817802,2025-03-09 11:56:21.209,0.00336367,-0.18259,-0.120238
1817803,2025-03-09 11:56:21.214,-0.0120119,-0.172358,-0.107723
1817804,2025-03-09 11:56:21.219,-0.0235707,-0.140703,-0.0776262
1817805,2025-03-09 11:56:21.225,-0.0147366,-0.144803,-0.0324502
1817806,2025-03-09 11:56:21.229,-0.0273058,-0.126425,-0.0255351
1817807,2025-03-09 11:56:21.234,-0.0349725,-0.127348,0.0396314
1817808,2025-03-09 11:56:21.239,-0.0532535,-0.123805,0.0783987
1817809,2025-03-09 11:56:21.243,-0.0439642,-0.153841,0.102885
1817810,2025-03-09 11:56:21.248,-0.0121394,-0.152047,0.121661
1817811,2025-03-09 11:56:21.253,-0.0101434,-0.172032,0.0979085
1817812,2025-03-09 11:56:21.258,-0.012924,-0.164982,0.0438786
1817813,2025-03-09 11:56:21.263,-0.0109628,-0.154672,-0.0130444
1817814,2025-03-09 11:56:21.268,-0.00328547,-0.151653,-0.097918
1817815,2025-03-09 11:56:21.273,-0.0100029,-0.158285,-0.16298
1817816,2025-03-09 11:56:21.278,-0.0180816,-0.161304,-0.226319
1817817,2025-03-09 11:56:21.283,-0.00138906,-0.146438,-0.304623
1817818,2025-03-09 11:56:21.288,0.0221389,-0.159966,-0.387228
1817819,2025-03-09 11:56:21.292,0.03696,-0.152947,-0.413591
1817820,2025-03-09 11:56:21.297,0.0550134,-0.153978,-0.435283
1817821,2025-03-09 11:56:21.302,0.0609445,-0.133267,-0.435762
1817822,2025-03-09 11:56:21.307,0.0679733,-0.146953,-0.430487
1817823,2025-03-09 11:56:21.312,0.078557,-0.142499,-0.383902
1817824,2025-03-09 11:56:21.318,0.0797717,-0.143846,-0.318857
1817825,2025-03-09 11:56:21.322,0.0907058,-0.155836,-0.279296
1817826,2025-03-09 11:56:21.327,0.0781676,-0.181962,-0.211565
1817827,2025-03-09 11:56:21.332,0.0695716,-0.213902,-0.184657
1817828,2025-03-09 11:56:21.337,0.0494038,-0.245683,-0.151928
1817829,2025-03-09 11:56:21.341,0.0355645,-0.265496,-0.132367
1817830,2025-03-09 11:56:21.346,0.023068,-0.271042,-0.119959
1817831,2025-03-09 11:56:21.351,0.0377629,-0.257693,-0.121779
1817832,2025-03-09 11:56:21.356,0.00112098,-0.262338,-0.119964
1817833,2025-03-09 11:56:21.361,-0.0034391,-0.261063,-0.146618
1817834,2025-03-09 11:56:21.366,-0.00913393,-0.244439,-0.161115
1817835,2025-03-09 11:56:21.371,-0.0302689,-0.233811,-0.176749
1817836,2025-03-09 11:56:21.376,-0.0393987,-0.227978,-0.197042
1817837,2025-03-09 11:56:21.381,-0.0282675,-0.231612,-0.197056
1817838,2025-03-09 11:56:21.386,-0.0147792,-0.236285,-0.21023
1817839,2025-03-09 11:56:21.39,0.0107363,-0.258602,-0.20796
1817840,2025-03-09 11:56:21.395,0.0255634,-0.263968,-0.21414
1817841,2025-03-09 11:56:21.4,-0.00217679,-0.270434,-0.207232
1817842,2025-03-09 11:56:21.405,-0.052065,-0.264867,-0.217091
1817843,2025-03-09 11:56:21.41,-0.0635456,-0.253399,-0.219755
1817844,2025-03-09 11:56:21.415,-0.0785377,-0.263458,-0.234211
1817845,2025-03-09 11:56:21.42,-0.0803775,-0.259131,-0.254535
1817846,2025-03-09 11:56:21.425,-0.0954231,-0.257237,-0.298421
1817847,2025-03-09 11:56:21.429,-0.0963332,-0.235119,-0.330135
1817848,2025-03-09 11:56:21.434,-0.103618,-0.229738,-0.366419
1817849,2025-03-09 11:56:21.439,-0.0935618,-0.226737,-0.390594
1817850,2025-03-09 11:56:21.444,-0.077051,-0.224917,-0.37308
1817851,2025-03-09 11:56:21.449,-0.0539447,-0.229054,-0.374721
1817852,2025-03-09 11:56:21.454,-0.0158575,-0.215322,-0.35977
1817853,2025-03-09 11:56:21.459,0.0311788,-0.223006,-0.307028
1817854,2025-03-09 11:56:21.464,0.0622941,-0.205727,-0.245207
1817855,2025-03-09 11:56:21.469,0.0848732,-0.198118,-0.187433
1817856,2025-03-09 11:56:21.474,0.0980963,-0.190602,-0.145526
1817857,2025-03-09 11:56:21.478,0.0819556,-0.163014,-0.101532
1817858,2025-03-09 11:56:21.483,0.0462379,-0.147598,-0.0696855
1817859,2025-03-09 11:56:21.488,0.00286591,-0.166728,-0.0404654
1817860,2025-03-09 11:56:21.493,-0.0493177,-0.180948,-0.0518341
1817861,2025-03-09 11:56:21.498,-0.0652154,-0.191398,-0.0477452
1817862,2025-03-09 11:56:21.503,-0.104524,-0.196953,-0.0674753
1817863,2025-03-09 11:56:21.508,-0.106664,-0.213144,-0.0834794
1817864,2025-03-09 11:56:21.513,-0.120802,-0.196067,-0.0838304
1817865,2025-03-09 11:56:21.523,-0.0769067,-0.180098,-0.149574
1817866,2025-03-09 11:56:21.523,-0.0769067,-0.180098,-0.149574
1817867,2025-03-09 11:56:21.527,-0.0550056,-0.170512,-0.161188
1817868,2025-03-09 11:56:21.533,-0.00859773,-0.162243,-0.178608
1817869,2025-03-09 11:56:21.537,0.0430896,-0.144568,-0.210123
1817870,2025-03-09 11:56:21.542,0.0775385,-0.122377,-0.217566
1817871,2025-03-09 11:56:21.547,0.0950049,-0.0943794,-0.248745
1817872,2025-03-09 11:56:21.553,0.121753,-0.0737424,-0.239302
1817873,2025-03-09 11:56:21.557,0.152968,-0.0603628,-0.229974
1817874,2025-03-09 11:56:21.562,0.173438,-0.0636725,-0.201756
1817875,2025-03-09 11:56:21.567,0.186944,-0.0596981,-0.191684
1817876,2025-03-09 11:56:21.571,0.180599,-0.0555954,-0.183007
1817877,2025-03-09 11:56:21.576,0.145054,-0.0572066,-0.175799
1817878,2025-03-09 11:56:21.581,0.125482,-0.055006,-0.151046
1817879,2025-03-09 11:56:21.586,0.0897156,-0.0704169,-0.113623
1817880,2025-03-09 11:56:21.591,0.0544301,-0.0985575,-0.108733
1817881,2025-03-09 11:56:21.596,-0.00294197,-0.114528,-0.0801921
1817882,2025-03-09 11:56:21.601,-0.0491335,-0.104218,-0.0483561
1817883,2025-03-09 11:56:21.606,-0.0653545,-0.109504,-0.0072217
1817884,2025-03-09 11:56:21.611,-0.0888001,-0.122094,0.0278282
1817885,2025-03-09 11:56:21.616,-0.0873617,-0.133596,0.040204
1817886,2025-03-09 11:56:21.62,-0.0827,-0.132244,0.0479827
1817887,2025-03-09 11:56:21.625,-0.0631273,-0.121711,0.0381398
1817888,2025-03-09 11:56:21.63,-0.0479268,-0.110493,0.0453372
1817889,2025-03-09 11:56:21.635,-0.016623,-0.105738,0.0813379
1817890,2025-03-09 11:56:21.64,-0.00492647,-0.0859642,0.0900564
1817891,2025-03-09 11:56:21.645,0.0314766,-0.0524282,0.0788031
1817892,2025-03-09 11:56:21.65,0.0522093,-0.0551867,0.0513949
1817893,2025-03-09 11:56:21.655,0.0895481,-0.0463157,0.036334
1817894,2025-03-09 11:56:21.66,0.103196,-0.0423894,-0.017643
1817895,2025-03-09 11:56:21.665,0.105371,-0.0444255,-0.0948892
1817896,2025-03-09 11:56:21.669,0.0890119,-0.0260696,-0.214376
1817897,2025-03-09 11:56:21.674,0.0755269,-0.0217047,-0.314223
1817898,2025-03-09 11:56:21.679,0.0873491,-0.018105,-0.395834
1817899,2025-03-09 11:56:21.684,0.0860822,-0.0235257,-0.448732
1817900,2025-03-09 11:56:21.69,0.116816,-0.0366836,-0.492176
1817901,2025-03-09 11:56:21.694,0.118783,-0.0444856,-0.48348
1817902,2025-03-09 11:56:21.699,0.111211,-0.0494862,-0.439577
1817903,2025-03-09 11:56:21.704,0.091759,-0.0554528,-0.390271
1817904,2025-03-09 11:56:21.71,0.0627771,-0.0364008,-0.311748
1817905,2025-03-09 11:56:21.713,0.0385357,-0.0566969,-0.250495
1817906,2025-03-09 11:56:21.718,0.00119016,-0.0840592,-0.175419
1817907,2025-03-09 11:56:21.723,-0.0349404,-0.110044,-0.138935
1817908,2025-03-09 11:56:21.728,-0.0864158,-0.131169,-0.0991082
1817909,2025-03-09 11:56:21.733,-0.102174,-0.155788,-0.0440998
1817910,2025-03-09 11:56:21.738,-0.0954342,-0.174427,-9.67979e-05
1817911,2025-03-09 11:56:21.743,-0.0840861,-0.18831,0.0519814
1817912,2025-03-09 11:56:21.748,-0.0489484,-0.189177,0.0717244
1817913,2025-03-09 11:56:21.754,-0.0339567,-0.175925,0.0890665
1817914,2025-03-09 11:56:21.758,-0.0164561,-0.16887,0.0886097
1817915,2025-03-09 11:56:21.762,0.0354636,-0.160836,0.0906734
1817916,2025-03-09 11:56:21.767,0.0646659,-0.156617,0.0940914
1817917,2025-03-09 11:56:21.772,0.0987377,-0.141847,0.0797815
1817918,2025-03-09 11:56:21.777,0.0912373,-0.132103,0.0408173
1817919,2025-03-09 11:56:21.783,0.0841453,-0.0987659,-0.0155501
1817920,2025-03-09 11:56:21.787,0.0796446,-0.0752397,-0.0714068
1817921,2025-03-09 11:56:21.792,0.0812004,-0.064919,-0.128024
1817922,2025-03-09 11:56:21.797,0.0768914,-0.0593314,-0.199689
1817923,2025-03-09 11:56:21.802,0.0679516,-0.0606847,-0.260277
1817924,2025-03-09 11:56:21.806,0.0567879,-0.0593853,-0.318225
1817925,2025-03-09 11:56:21.811,0.0360272,-0.0756273,-0.38426
1817926,2025-03-09 11:56:21.816,0.015057,-0.0902286,-0.389514
1817927,2025-03-09 11:56:21.821,0.00699204,-0.096189,-0.378314
1817928,2025-03-09 11:56:21.826,0.00357127,-0.112571,-0.354352
1817929,2025-03-09 11:56:21.831,0.0129546,-0.0978589,-0.328315
1817930,2025-03-09 11:56:21.836,0.0160502,-0.106937,-0.263404
1817931,2025-03-09 11:56:21.841,0.0295392,-0.104131,-0.194243
1817932,2025-03-09 11:56:21.846,0.0321627,-0.101501,-0.139767
1817933,2025-03-09 11:56:21.851,0.0488487,-0.107419,-0.0689354
1817934,2025-03-09 11:56:21.855,0.0702479,-0.106454,-0.0150456
1817935,2025-03-09 11:56:21.86,0.0880721,-0.105708,0.0219784
1817936,2025-03-09 11:56:21.865,0.108488,-0.107525,0.0268278
1817937,2025-03-09 11:56:21.87,0.136243,-0.102367,0.0223074
1817938,2025-03-09 11:56:21.875,0.154781,-0.111604,0.00963926
1817939,2025-03-09 11:56:21.88,0.142826,-0.116042,-0.00762033
1817940,2025-03-09 11:56:21.885,0.100644,-0.129868,-0.0817542
1817941,2025-03-09 11:56:21.89,0.051055,-0.138637,-0.164916
1817942,2025-03-09 11:56:21.895,0.0139868,-0.136384,-0.244051
1817943,2025-03-09 11:56:21.9,-0.0311671,-0.126675,-0.30386
1817944,2025-03-09 11:56:21.904,-0.0880251,-0.128588,-0.350422
1817945,2025-03-09 11:56:21.909,-0.0866394,-0.105223,-0.376741
1817946,2025-03-09 11:56:21.914,-0.0596246,-0.0627747,-0.369887
1817947,2025-03-09 11:56:21.919,-0.0511684,-0.0287304,-0.327742
1817948,2025-03-09 11:56:21.924,-0.0457488,-0.0209694,-0.267091
1817949,2025-03-09 11:56:21.929,-0.0421913,0.00206804,-0.16891
1817950,2025-03-09 11:56:21.934,-0.0318853,-0.000273705,-0.0464005
1817951,2025-03-09 11:56:21.939,-0.00978848,-0.00182915,0.0564785
1817952,2025-03-09 11:56:21.944,-0.0268533,-0.000226498,0.118531
1817953,2025-03-09 11:56:21.948,-0.0554868,-0.0179114,0.125724
1817954,2025-03-09 11:56:21.953,-0.0778655,-0.0356898,0.11765
1817955,2025-03-09 11:56:21.958,-0.120248,-0.0616488,0.0989757
1817956,2025-03-09 11:56:21.963,-0.127971,-0.0755119,0.0697594
1817957,2025-03-09 11:56:21.968,-0.154749,-0.067801,0.0620646
1817958,2025-03-09 11:56:21.973,-0.123271,-0.0613203,0.0639033
1817959,2025-03-09 11:56:21.978,-0.071991,-0.0502267,0.0681691
1817960,2025-03-09 11:56:21.983,-0.0271795,-0.0333743,0.0902772
1817961,2025-03-09 11:56:21.989,0.0279899,-0.00741005,0.119547
1817962,2025-03-09 11:56:21.993,0.0672568,0.000332832,0.130948
1817963,2025-03-09 11:56:21.997,0.116965,0.00414228,0.11761
1817964,2025-03-09 11:56:22.002,0.13787,0.0338449,0.101002
1817965,2025-03-09 11:56:22.007,0.152779,0.0442104,0.0525751
1817966,2025-03-09 11:56:22.012,0.162886,0.0556102,-0.0203123
1817967,2025-03-09 11:56:22.017,0.140941,0.0575299,-0.0689478
1817968,2025-03-09 11:56:22.022,0.160782,0.0451717,-0.108849
1817969,2025-03-09 11:56:22.027,0.148557,0.0484476,-0.143752
1817970,2025-03-09 11:56:22.032,0.142578,0.0553889,-0.172536
1817971,2025-03-09 11:56:22.037,0.130843,0.067245,-0.198905
1817972,2025-03-09 11:56:22.041,0.150137,0.0554056,-0.216874
1817973,2025-03-09 11:56:22.046,0.163388,0.037919,-0.195689
1817974,2025-03-09 11:56:22.051,0.168262,0.0312734,-0.179437
1817975,2025-03-09 11:56:22.056,0.20522,0.0174794,-0.143063
1817976,2025-03-09 11:56:22.061,0.169568,0.00256014,-0.129492
1817977,2025-03-09 11:56:22.066,0.134382,-0.0110888,-0.127859
1817978,2025-03-09 11:56:22.071,0.114923,-0.0399876,-0.148855
1817979,2025-03-09 11:56:22.076,0.0776899,-0.0781074,-0.151909
1817980,2025-03-09 11:56:22.081,0.0512919,-0.118209,-0.138394
1817981,2025-03-09 11:56:22.086,0.0462886,-0.138893,-0.134582
1817982,2025-03-09 11:56:22.09,0.0341291,-0.166546,-0.120103
1817983,2025-03-09 11:56:22.095,0.0137319,-0.18086,-0.0856137
1817984,2025-03-09 11:56:22.101,0.00898337,-0.201097,-0.0691175
1817985,2025-03-09 11:56:22.105,-0.0204565,-0.210524,-0.0408392
1817986,2025-03-09 11:56:22.11,-0.0400625,-0.202144,-0.0257788
1817987,2025-03-09 11:56:22.115,-0.0654885,-0.217656,-0.0190816
1817988,2025-03-09 11:56:22.12,-0.0717415,-0.225986,-0.0337458
1817989,2025-03-09 11:56:22.125,-0.0874062,-0.204585,-0.0435219
1817990,2025-03-09 11:56:22.13,-0.0791892,-0.192907,-0.0543599
1817991,2025-03-09 11:56:22.136,-0.0853629,-0.19797,-0.069838
1817992,2025-03-09 11:56:22.139,-0.0784239,-0.169713,-0.0804749
1817993,2025-03-09 11:56:22.144,-0.106061,-0.14177,-0.093329
1817994,2025-03-09 11:56:22.149,-0.11352,-0.123436,-0.122818
1817995,2025-03-09 11:56:22.154,-0.116531,-0.117002,-0.142697
1817996,2025-03-09 11:56:22.159,-0.0915376,-0.122345,-0.143578
1817997,2025-03-09 11:56:22.164,-0.0717693,-0.103813,-0.112495
1817998,2025-03-09 11:56:22.169,-0.0522768,-0.0901375,-0.0829067
1817999,2025-03-09 11:56:22.174,-0.0269103,-0.0600109,-0.0273943
1818000,2025-03-09 11:56:22.179,-0.0181189,-0.0647602,0.0385346
1818001,2025-03-09 11:56:22.183,0.0064486,-0.0483675,0.081625
1818002,2025-03-09 11:56:22.188,0.00272155,-0.059587,0.0723038
1818003,2025-03-09 11:56:22.193,0.00768828,-0.0732527,0.0691657
1818004,2025-03-09 11:56:22.198,-0.0180528,-0.0678387,0.0138578
1818005,2025-03-09 11:56:22.203,-0.0684562,-0.0646944,-0.0434976
1818006,2025-03-09 11:56:22.208,-0.0983587,-0.0506516,-0.1006
1818007,2025-03-09 11:56:22.213,-0.103367,-0.0496907,-0.0991611
1818008,2025-03-09 11:56:22.219,-0.0964498,-0.0331526,-0.122803
1818009,2025-03-09 11:56:22.228,-0.0385901,0.0164533,-0.127287
1818010,2025-03-09 11:56:22.229,-0.0385901,0.0164533,-0.127287
1818011,2025-03-09 11:56:22.232,-0.0331047,0.0174346,-0.103587
1818012,2025-03-09 11:56:22.237,-0.0144926,0.0208302,-0.103864
1818013,2025-03-09 11:56:22.242,-0.0197329,0.0147882,-0.101844
1818014,2025-03-09 11:56:22.247,-0.0248435,0.00296068,-0.0821195
1818015,2025-03-09 11:56:22.253,-0.0216296,-0.00398588,-0.043601
1818016,2025-03-09 11:56:22.257,-0.0256086,-0.0121942,-0.00528336
1818017,2025-03-09 11:56:22.262,-0.0283039,-0.014441,0.0291958
1818018,2025-03-09 11:56:22.267,-0.0511043,-0.00619936,0.0529046
1818019,2025-03-09 11:56:22.272,-0.0844073,-0.0053606,0.0421848
1818020,2025-03-09 11:56:22.276,-0.128316,-0.0237274,0.0115523
1818021,2025-03-09 11:56:22.281,-0.141505,-0.0278659,-0.010386
1818022,2025-03-09 11:56:22.286,-0.14458,-0.0462713,-0.0546813
1818023,2025-03-09 11:56:22.291,-0.112902,-0.043149,-0.134273
1818024,2025-03-09 11:56:22.296,-0.0422338,-0.0222411,-0.16222
1818025,2025-03-09 11:56:22.301,0.0469044,-0.00513077,-0.134143
1818026,2025-03-09 11:56:22.306,0.142891,0.0188169,-0.0943332
1818027,2025-03-09 11:56:22.311,0.213874,0.0650549,-0.0702462
1818028,2025-03-09 11:56:22.316,0.276911,0.0870733,-0.0510292
1818029,2025-03-09 11:56:22.321,0.322865,0.0982609,-0.0379329
1818030,2025-03-09 11:56:22.325,0.368619,0.101086,-0.0202188
1818031,2025-03-09 11:56:22.33,0.387174,0.0898786,-0.0253954
1818032,2025-03-09 11:56:22.335,0.382484,0.0825191,-0.0556016
1818033,2025-03-09 11:56:22.34,0.358416,0.0778461,-0.0643821
1818034,2025-03-09 11:56:22.345,0.312678,0.0758538,-0.0875483
1818035,2025-03-09 11:56:22.35,0.277426,0.0811415,-0.103501
1818036,2025-03-09 11:56:22.355,0.226425,0.082943,-0.140773
1818037,2025-03-09 11:56:22.36,0.178672,0.0895686,-0.170676
1818038,2025-03-09 11:56:22.365,0.130429,0.0854979,-0.224097
1818039,2025-03-09 11:56:22.371,0.0884187,0.0708499,-0.272397
1818040,2025-03-09 11:56:22.374,0.0678717,0.0729051,-0.311961
1818041,2025-03-09 11:56:22.379,0.0389229,0.0630922,-0.342914
1818042,2025-03-09 11:56:22.384,-0.0176739,0.0640907,-0.362992
1818043,2025-03-09 11:56:22.389,-0.0982525,0.0675025,-0.384163
1818044,2025-03-09 11:56:22.394,-0.146042,0.0663476,-0.37216
1818045,2025-03-09 11:56:22.399,-0.193406,0.0760341,-0.312958
1818046,2025-03-09 11:56:22.404,-0.206717,0.0963712,-0.160543
1818047,2025-03-09 11:56:22.409,-0.197313,0.0938382,-0.000947952
1818048,2025-03-09 11:56:22.414,-0.226799,0.0947161,0.107636
1818049,2025-03-09 11:56:22.418,-0.284307,0.0562239,0.19176
1818050,2025-03-09 11:56:22.424,-0.367575,0.0203104,0.269352
1818051,2025-03-09 11:56:22.428,-0.446732,-0.00825405,0.341613
1818052,2025-03-09 11:56:22.433,-0.495584,-0.0188794,0.408621
1818053,2025-03-09 11:56:22.438,-0.53791,-0.0248275,0.446736
1818054,2025-03-09 11:56:22.444,-0.556031,-0.0309072,0.498951
1818055,2025-03-09 11:56:22.448,-0.539441,-0.0241418,0.55098
1818056,2025-03-09 11:56:22.453,-0.490714,-0.0273337,0.578027
1818057,2025-03-09 11:56:22.458,-0.464676,-0.0261655,0.569631
1818058,2025-03-09 11:56:22.463,-0.428114,-0.0289512,0.548602
1818059,2025-03-09 11:56:22.467,-0.416957,-0.0250745,0.545994
1818060,2025-03-09 11:56:22.472,-0.406145,-0.0145583,0.5545
1818061,2025-03-09 11:56:22.477,-0.343465,-0.0151472,0.502694
1818062,2025-03-09 11:56:22.482,-0.25673,-0.00664663,0.429135
1818063,2025-03-09 11:56:22.487,-0.178169,0.0156975,0.422962
1818064,2025-03-09 11:56:22.492,-0.0755481,0.0244174,0.432624
1818065,2025-03-09 11:56:22.497,0.0213799,0.0422001,0.408118
1818066,2025-03-09 11:56:22.503,0.0735827,0.0689931,0.401945
1818067,2025-03-09 11:56:22.507,0.139736,0.0845642,0.397316
1818068,2025-03-09 11:56:22.511,0.184316,0.105711,0.364471
1818069,2025-03-09 11:56:22.516,0.195652,0.102866,0.327244
1818070,2025-03-09 11:56:22.522,0.170507,0.0929146,0.26543
1818071,2025-03-09 11:56:22.527,0.145025,0.073627,0.220707
1818072,2025-03-09 11:56:22.531,0.158517,0.043961,0.178628
1818073,2025-03-09 11:56:22.536,0.178737,0.025373,0.13917
1818074,2025-03-09 11:56:22.541,0.208213,-0.00475454,0.122469
1818075,2025-03-09 11:56:22.546,0.257802,-0.00948954,0.0820098
1818076,2025-03-09 11:56:22.551,0.252512,-0.0104156,0.0191798
1818077,2025-03-09 11:56:22.556,0.242303,-0.0157833,-0.0172606
1818078,2025-03-09 11:56:22.56,0.211504,-0.0125713,-0.0559592
1818079,2025-03-09 11:56:22.565,0.171725,-0.0198531,-0.0885901
1818080,2025-03-09 11:56:22.57,0.150119,-0.035212,-0.112796
1818081,2025-03-09 11:56:22.575,0.16314,-0.037333,-0.109541
1818082,2025-03-09 11:56:22.58,0.16781,-0.0251327,-0.108736
1818083,2025-03-09 11:56:22.585,0.141306,-0.0200863,-0.121064
1818084,2025-03-09 11:56:22.59,0.126411,-0.0017004,-0.163282
1818085,2025-03-09 11:56:22.595,0.124156,0.00282717,-0.215169
1818086,2025-03-09 11:56:22.6,0.118092,0.0127177,-0.229262
1818087,2025-03-09 11:56:22.605,0.133802,0.0541883,-0.245171
1818088,2025-03-09 11:56:22.609,0.185474,0.0783343,-0.24866
1818089,2025-03-09 11:56:22.614,0.192921,0.0862994,-0.18506
1818090,2025-03-09 11:56:22.62,0.168343,0.099185,-0.0236864
1818091,2025-03-09 11:56:22.624,0.155262,0.102542,0.142226
1818092,2025-03-09 11:56:22.629,0.171697,0.103287,0.222704
1818093,2025-03-09 11:56:22.634,0.198567,0.101402,0.277856
1818094,2025-03-09 11:56:22.639,0.203598,0.086236,0.303134
1818095,2025-03-09 11:56:22.649,0.16769,0.0355725,0.306358
1818096,2025-03-09 11:56:22.649,0.16769,0.0355725,0.306358
1818097,2025-03-09 11:56:22.653,0.134383,0.0346894,0.273711
1818098,2025-03-09 11:56:22.658,0.10779,0.0526147,0.267612
1818099,2025-03-09 11:56:22.663,0.121177,0.0642161,0.291451
1818100,2025-03-09 11:56:22.668,0.168479,0.0706744,0.318923
1818101,2025-03-09 11:56:22.673,0.192389,0.0897284,0.347728
1818102,2025-03-09 11:56:22.678,0.193101,0.12249,0.371889
1818103,2025-03-09 11:56:22.683,0.201881,0.143851,0.384394
1818104,2025-03-09 11:56:22.688,0.186636,0.157432,0.392495
1818105,2025-03-09 11:56:22.693,0.154607,0.146658,0.414054
1818106,2025-03-09 11:56:22.698,0.170235,0.12711,0.43715
1818107,2025-03-09 11:56:22.702,0.173973,0.111923,0.394109
1818108,2025-03-09 11:56:22.708,0.161054,0.0940027,0.355458
1818109,2025-03-09 11:56:22.712,0.129253,0.0450087,0.313917
1818110,2025-03-09 11:56:22.717,0.11779,0.0103974,0.227877
1818111,2025-03-09 11:56:22.722,0.115624,-0.0264525,0.169999
1818112,2025-03-09 11:56:22.727,0.1537,-0.0500536,0.123404
1818113,2025-03-09 11:56:22.732,0.17731,-0.042583,0.125868
1818114,2025-03-09 11:56:22.737,0.199915,-0.0208635,0.109281
1818115,2025-03-09 11:56:22.742,0.219371,0.000828266,0.0879688
1818116,2025-03-09 11:56:22.746,0.189668,0.00132465,0.0451698
1818117,2025-03-09 11:56:22.751,0.148004,0.00460529,-0.0368018
1818118,2025-03-09 11:56:22.756,0.0882361,0.00244904,-0.0865154
1818119,2025-03-09 11:56:22.761,0.011376,-0.0193601,-0.0864334
1818120,2025-03-09 11:56:22.766,-0.0277236,-0.0299501,-0.110414
1818121,2025-03-09 11:56:22.771,-0.0363734,-0.0222359,-0.142871
1818122,2025-03-09 11:56:22.776,-0.0100798,-0.00472784,-0.125524
1818123,2025-03-09 11:56:22.781,0.0247642,0.00589991,-0.0706806
1818124,2025-03-09 11:56:22.786,0.0479394,0.00362158,-0.0307398
1818125,2025-03-09 11:56:22.791,0.039076,0.00750256,-0.0269241
1818126,2025-03-09 11:56:22.795,0.0230093,0.0103674,-0.0340195
1818127,2025-03-09 11:56:22.8,0.0294574,0.0134935,-0.00928164
1818128,2025-03-09 11:56:22.805,0.0201619,0.00144339,-0.0360732
1818129,2025-03-09 11:56:22.811,-0.0358984,0.00400782,-0.0379972
1818130,2025-03-09 11:56:22.815,-0.087728,-0.0170808,-0.0258141
1818131,2025-03-09 11:56:22.82,-0.123727,-0.00957155,0.107355
1818132,2025-03-09 11:56:22.825,-0.143757,-0.00492859,0.26234
1818133,2025-03-09 11:56:22.83,-0.174778,0.0133061,0.392869
1818134,2025-03-09 11:56:22.835,-0.165586,0.00568771,0.47794
1818135,2025-03-09 11:56:22.84,-0.130742,-0.0193019,0.521533
1818136,2025-03-09 11:56:22.844,-0.102579,-0.0591207,0.501415
1818137,2025-03-09 11:56:22.849,-0.0811754,-0.087441,0.476189
1818138,2025-03-09 11:56:22.854,-0.028612,-0.0720935,0.417192
1818139,2025-03-09 11:56:22.86,0.0309353,-0.0429659,0.341167
1818140,2025-03-09 11:56:22.864,0.0904144,-0.000123024,0.270768
1818141,2025-03-09 11:56:22.869,0.136828,0.0195894,0.239127
1818142,2025-03-09 11:56:22.874,0.204747,0.0637636,0.227014
1818143,2025-03-09 11:56:22.879,0.259572,0.114413,0.227122
1818144,2025-03-09 11:56:22.884,0.310144,0.121759,0.184643
1818145,2025-03-09 11:56:22.888,0.323531,0.100513,0.12952
1818146,2025-03-09 11:56:22.893,0.325122,0.0712481,0.0617113
1818147,2025-03-09 11:56:22.898,0.321056,0.032969,-0.0366006
1818148,2025-03-09 11:56:22.903,0.353322,0.00603724,-0.103522
1818149,2025-03-09 11:56:22.908,0.356661,-0.0167613,-0.117933
1818150,2025-03-09 11:56:22.913,0.380305,-0.0530577,-0.1695
1818151,2025-03-09 11:56:22.918,0.385072,-0.114546,-0.260344
1818152,2025-03-09 11:56:22.923,0.412876,-0.187752,-0.371348
1818153,2025-03-09 11:56:22.928,0.397043,-0.233169,-0.451537
1818154,2025-03-09 11:56:22.933,0.329777,-0.249866,-0.511822
1818155,2025-03-09 11:56:22.938,0.263779,-0.259442,-0.596291
1818156,2025-03-09 11:56:22.942,0.185441,-0.272616,-0.670367
1818157,2025-03-09 11:56:22.948,0.0845162,-0.323975,-0.690066
1818158,2025-03-09 11:56:22.952,-0.0419762,-0.371699,-0.706881
1818159,2025-03-09 11:56:22.957,-0.182411,-0.394642,-0.682685
1818160,2025-03-09 11:56:22.962,-0.319319,-0.401675,-0.643606
1818161,2025-03-09 11:56:22.967,-0.408136,-0.428986,-0.545434
1818162,2025-03-09 11:56:22.972,-0.487542,-0.462565,-0.460692
1818163,2025-03-09 11:56:22.977,-0.568629,-0.489498,-0.381978
1818164,2025-03-09 11:56:22.982,-0.630391,-0.505304,-0.30312
1818165,2025-03-09 11:56:22.987,-0.693215,-0.532568,-0.252684
1818166,2025-03-09 11:56:22.991,-0.711924,-0.543866,-0.283873
1818167,2025-03-09 11:56:22.996,-0.736736,-0.549753,-0.33929
1818168,2025-03-09 11:56:23.001,-0.742381,-0.544046,-0.373894
1818169,2025-03-09 11:56:23.007,-0.682218,-0.521819,-0.43914
1818170,2025-03-09 11:56:23.011,-0.594219,-0.477005,-0.480394
1818171,2025-03-09 11:56:23.016,-0.492385,-0.427452,-0.51696
1818172,2025-03-09 11:56:23.021,-0.415746,-0.389605,-0.525328
1818173,2025-03-09 11:56:23.026,-0.339963,-0.3431,-0.522413
1818174,2025-03-09 11:56:23.03,-0.255068,-0.305707,-0.523822
1818175,2025-03-09 11:56:23.035,-0.162333,-0.258403,-0.478426
1818176,2025-03-09 11:56:23.04,-0.0701427,-0.204997,-0.342528
1818177,2025-03-09 11:56:23.045,0.0301524,-0.158795,-0.17483
1818178,2025-03-09 11:56:23.05,0.135337,-0.111697,-0.00973082
1818179,2025-03-09 11:56:23.055,0.217045,-0.0483651,0.0959044
1818180,2025-03-09 11:56:23.06,0.264562,-0.0212402,0.149752
1818181,2025-03-09 11:56:23.065,0.255089,0.00331831,0.156861
1818182,2025-03-09 11:56:23.07,0.212199,0.0254178,0.14481
1818183,2025-03-09 11:56:23.075,0.167625,0.058126,0.154107
1818184,2025-03-09 11:56:23.079,0.121409,0.109675,0.141831
1818185,2025-03-09 11:56:23.085,0.115161,0.164507,0.150876
1818186,2025-03-09 11:56:23.089,0.108226,0.201224,0.18938
1818187,2025-03-09 11:56:23.094,0.107958,0.231741,0.248909
1818188,2025-03-09 11:56:23.099,0.100233,0.241715,0.295019
1818189,2025-03-09 11:56:23.104,0.132896,0.257215,0.38622
1818190,2025-03-09 11:56:23.109,0.194134,0.249622,0.502045
1818191,2025-03-09 11:56:23.114,0.240337,0.259461,0.574666
1818192,2025-03-09 11:56:23.119,0.309658,0.277178,0.601973
1818193,2025-03-09 11:56:23.123,0.340455,0.292022,0.621146
1818194,2025-03-09 11:56:23.128,0.353276,0.294588,0.570448
1818195,2025-03-09 11:56:23.133,0.352979,0.313618,0.520345
1818196,2025-03-09 11:56:23.138,0.281183,0.33356,0.43044
1818197,2025-03-09 11:56:23.143,0.202334,0.36168,0.359076
1818198,2025-03-09 11:56:23.148,0.137464,0.388352,0.307339
1818199,2025-03-09 11:56:23.153,0.101755,0.404233,0.249993
1818200,2025-03-09 11:56:23.158,0.0637842,0.431898,0.20852
1818201,2025-03-09 11:56:23.163,0.0398249,0.441569,0.175665
1818202,2025-03-09 11:56:23.168,0.00817691,0.434354,0.212128
1818203,2025-03-09 11:56:23.172,-0.0120766,0.437566,0.252175
1818204,2025-03-09 11:56:23.177,0.032672,0.427136,0.297206
1818205,2025-03-09 11:56:23.182,0.1052,0.42578,0.351884
1818206,2025-03-09 11:56:23.187,0.184282,0.422588,0.388978
1818207,2025-03-09 11:56:23.193,0.295234,0.421337,0.384692
1818208,2025-03-09 11:56:23.197,0.334851,0.443614,0.286902
1818209,2025-03-09 11:56:23.202,0.340515,0.471689,0.166148
1818210,2025-03-09 11:56:23.207,0.300587,0.485601,0.0532136
1818211,2025-03-09 11:56:23.212,0.223903,0.504786,-0.0285516
1818212,2025-03-09 11:56:23.217,0.130924,0.497257,-0.1555
1818213,2025-03-09 11:56:23.221,0.0535501,0.458471,-0.216838
1818214,2025-03-09 11:56:23.226,-0.0297933,0.403944,-0.171389
1818215,2025-03-09 11:56:23.232,-0.0820262,0.330167,-0.138677
1818216,2025-03-09 11:56:23.237,-0.103464,0.272615,-0.0898056
1818217,2025-03-09 11:56:23.241,-0.143416,0.235854,-0.0307946
1818218,2025-03-09 11:56:23.246,-0.174979,0.195731,0.0705719
1818219,2025-03-09 11:56:23.251,-0.192438,0.170884,0.18584
1818220,2025-03-09 11:56:23.256,-0.198277,0.155071,0.305579
1818221,2025-03-09 11:56:23.261,-0.205657,0.168132,0.356419
1818222,2025-03-09 11:56:23.265,-0.198952,0.180098,0.43395
1818223,2025-03-09 11:56:23.27,-0.19244,0.185152,0.423882
1818224,2025-03-09 11:56:23.275,-0.213332,0.18478,0.377746
1818225,2025-03-09 11:56:23.28,-0.231758,0.176935,0.273003
1818226,2025-03-09 11:56:23.285,-0.277429,0.169075,0.172784
1818227,2025-03-09 11:56:23.291,-0.31922,0.150773,0.0435538
1818228,2025-03-09 11:56:23.295,-0.33945,0.117475,-0.0350204
1818229,2025-03-09 11:56:23.3,-0.32393,0.0871425,-0.0562744
1818230,2025-03-09 11:56:23.305,-0.292923,0.0525284,-0.0894361
1818231,2025-03-09 11:56:23.311,-0.279681,0.0160813,-0.114269
1818232,2025-03-09 11:56:23.314,-0.270053,-0.0269966,-0.0844774
1818233,2025-03-09 11:56:23.319,-0.237932,-0.0305624,-0.0406651
1818234,2025-03-09 11:56:23.324,-0.218927,-0.0411568,-0.0174646
1818235,2025-03-09 11:56:23.329,-0.203251,-0.062212,-0.0207162
1818236,2025-03-09 11:56:23.334,-0.192215,-0.0579982,-0.00274277
1818237,2025-03-09 11:56:23.339,-0.197652,-0.0809956,0.0244441
1818238,2025-03-09 11:56:23.344,-0.208545,-0.0800238,0.0751014
1818239,2025-03-09 11:56:23.349,-0.188943,-0.0873322,0.103917
1818240,2025-03-09 11:56:23.354,-0.171994,-0.0955806,0.116847
1818241,2025-03-09 11:56:23.358,-0.16827,-0.0869603,0.0879111
1818242,2025-03-09 11:56:23.363,-0.162349,-0.0674691,0.0707994
1818243,2025-03-09 11:56:23.368,-0.181823,-0.0645285,0.0559521
1818244,2025-03-09 11:56:23.373,-0.215984,-0.057909,0.0529418
1818245,2025-03-09 11:56:23.378,-0.236273,-0.00972414,0.0415635
1818246,2025-03-09 11:56:23.383,-0.283124,0.0227404,-0.0018959
1818247,2025-03-09 11:56:23.388,-0.345813,0.0516596,-0.0797153
1818248,2025-03-09 11:56:23.393,-0.382979,0.0628567,-0.161965
1818249,2025-03-09 11:56:23.398,-0.433244,0.0552754,-0.185669
1818250,2025-03-09 11:56:23.403,-0.508649,0.0349884,-0.177408
1818251,2025-03-09 11:56:23.407,-0.586438,0.0185437,-0.15626
1818252,2025-03-09 11:56:23.413,-0.636965,0.0271668,-0.109164
1818253,2025-03-09 11:56:23.417,-0.678306,0.0107231,-0.0706911
1818254,2025-03-09 11:56:23.422,-0.71755,0.00382471,-0.0502458
1818255,2025-03-09 11:56:23.427,-0.719095,-0.0221181,-0.0369749
1818256,2025-03-09 11:56:23.432,-0.702177,-0.0193763,-0.0273499
1818257,2025-03-09 11:56:23.437,-0.632493,-0.00477839,-0.0201812
1818258,2025-03-09 11:56:23.442,-0.611465,0.0192404,-0.0154905
1818259,2025-03-09 11:56:23.447,-0.558074,0.0430946,0.00574923
1818260,2025-03-09 11:56:23.452,-0.493654,0.0655055,0.0636725
1818261,2025-03-09 11:56:23.456,-0.393303,0.0912323,0.110492
1818262,2025-03-09 11:56:23.461,-0.345155,0.124785,0.177379
1818263,2025-03-09 11:56:23.466,-0.30007,0.156512,0.274944
1818264,2025-03-09 11:56:23.471,-0.260029,0.182847,0.375648
1818265,2025-03-09 11:56:23.476,-0.198524,0.190647,0.419054
1818266,2025-03-09 11:56:23.481,-0.166641,0.184943,0.438741
1818267,2025-03-09 11:56:23.486,-0.158167,0.176564,0.412323
1818268,2025-03-09 11:56:23.491,-0.155166,0.152763,0.36719
1818269,2025-03-09 11:56:23.496,-0.164712,0.16256,0.267657
1818270,2025-03-09 11:56:23.5,-0.155739,0.186921,0.173285
1818271,2025-03-09 11:56:23.505,-0.15561,0.189084,0.0613117
1818272,2025-03-09 11:56:23.51,-0.146284,0.204986,-0.0219646
1818273,2025-03-09 11:56:23.515,-0.161197,0.248797,-0.0958171
1818274,2025-03-09 11:56:23.52,-0.194391,0.254926,-0.142444
1818275,2025-03-09 11:56:23.525,-0.225764,0.267509,-0.177399
1818276,2025-03-09 11:56:23.53,-0.283074,0.279343,-0.181754
1818277,2025-03-09 11:56:23.535,-0.333169,0.273701,-0.165143
1818278,2025-03-09 11:56:23.54,-0.394226,0.256459,-0.133461
1818279,2025-03-09 11:56:23.545,-0.410563,0.247732,-0.0653009
1818280,2025-03-09 11:56:23.549,-0.422783,0.232915,0.0120249
1818281,2025-03-09 11:56:23.554,-0.426254,0.210771,0.077177
1818282,2025-03-09 11:56:23.559,-0.425736,0.177731,0.150507
1818283,2025-03-09 11:56:23.564,-0.384532,0.152736,0.203604
1818284,2025-03-09 11:56:23.569,-0.309639,0.131011,0.278138
1818285,2025-03-09 11:56:23.574,-0.217533,0.133885,0.340704
1818286,2025-03-09 11:56:23.579,-0.147252,0.144555,0.409187
1818287,2025-03-09 11:56:23.584,-0.130561,0.140529,0.418114
1818288,2025-03-09 11:56:23.589,-0.0923728,0.1137,0.432003
1818289,2025-03-09 11:56:23.593,-0.0659616,0.115386,0.440043
1818290,2025-03-09 11:56:23.599,-0.0309108,0.107419,0.445785
1818291,2025-03-09 11:56:23.603,0.0140671,0.10302,0.442041
1818292,2025-03-09 11:56:23.608,0.0629031,0.114029,0.428892
1818293,2025-03-09 11:56:23.613,0.0822669,0.127361,0.430054
1818294,2025-03-09 11:56:23.618,0.100887,0.145429,0.418043
1818295,2025-03-09 11:56:23.623,0.135321,0.14565,0.390587
1818296,2025-03-09 11:56:23.628,0.166486,0.156642,0.390568
1818297,2025-03-09 11:56:23.633,0.136382,0.178326,0.369079
1818298,2025-03-09 11:56:23.638,0.10605,0.189205,0.344146
1818299,2025-03-09 11:56:23.642,0.0836492,0.170367,0.333615
1818300,2025-03-09 11:56:23.647,0.0463179,0.148194,0.261374
1818301,2025-03-09 11:56:23.652,0.0128259,0.097877,0.220438
1818302,2025-03-09 11:56:23.657,-0.0169374,0.0658755,0.193999
1818303,2025-03-09 11:56:23.662,-0.0467001,0.0448337,0.1654
1818304,2025-03-09 11:56:23.668,-0.065857,0.0203753,0.138261
1818305,2025-03-09 11:56:23.672,-0.0733643,0.00194407,0.113839
1818306,2025-03-09 11:56:23.677,-0.0885942,-0.028368,0.0802922
1818307,2025-03-09 11:56:23.682,-0.0783669,-0.0348687,0.0626435
1818308,2025-03-09 11:56:23.687,-0.0750642,-0.0485806,0.0262938
1818309,2025-03-09 11:56:23.691,-0.046609,-0.0552483,-0.00124788
1818310,2025-03-09 11:56:23.696,0.00558719,-0.0703321,-0.0105925
1818311,2025-03-09 11:56:23.701,0.0877293,-0.0784183,0.0160098
1818312,2025-03-09 11:56:23.706,0.189502,-0.0545664,0.00696325
1818313,2025-03-09 11:56:23.711,0.273069,-0.0369864,-0.0256047
1818314,2025-03-09 11:56:23.716,0.322098,-0.00518656,-0.079392
1818315,2025-03-09 11:56:23.722,0.30585,-0.00772238,-0.160396
1818316,2025-03-09 11:56:23.726,0.281959,0.00329542,-0.230526
1818317,2025-03-09 11:56:23.731,0.274531,0.00414228,-0.265079
1818318,2025-03-09 11:56:23.735,0.259615,0.0103235,-0.284521
1818319,2025-03-09 11:56:23.74,0.227802,0.006392,-0.324619
1818320,2025-03-09 11:56:23.745,0.190731,0.0102186,-0.328203
1818321,2025-03-09 11:56:23.75,0.160122,-0.0187125,-0.296668
1818322,2025-03-09 11:56:23.755,0.127533,-0.028048,-0.262203
1818323,2025-03-09 11:56:23.76,0.0334523,-0.0347228,-0.26741
1818324,2025-03-09 11:56:23.765,-0.019982,-0.0221181,-0.273996
1818325,2025-03-09 11:56:23.77,-0.0641145,0.00119352,-0.284218
1818326,2025-03-09 11:56:23.775,-0.0825495,0.000679493,-0.305153
1818327,2025-03-09 11:56:23.78,-0.0897059,0.0191507,-0.296226
1818328,2025-03-09 11:56:23.784,-0.105715,0.0421467,-0.282555
1818329,2025-03-09 11:56:23.789,-0.132869,0.0981269,-0.286742
1818330,2025-03-09 11:56:23.794,-0.169698,0.152393,-0.299143
1818331,2025-03-09 11:56:23.8,-0.179366,0.182503,-0.315042
1818332,2025-03-09 11:56:23.804,-0.177835,0.180359,-0.328488
1818333,2025-03-09 11:56:23.809,-0.181745,0.190302,-0.309977
1818334,2025-03-09 11:56:23.815,-0.185038,0.206389,-0.337029
1818335,2025-03-09 11:56:23.819,-0.210249,0.249863,-0.337966
1818336,2025-03-09 11:56:23.825,-0.227399,0.284957,-0.326136
1818337,2025-03-09 11:56:23.828,-0.244913,0.306901,-0.350222
1818338,2025-03-09 11:56:23.833,-0.255838,0.304029,-0.343544
1818339,2025-03-09 11:56:23.838,-0.266369,0.306051,-0.304996
1818340,2025-03-09 11:56:23.843,-0.250375,0.288948,-0.158625
1818341,2025-03-09 11:56:23.848,-0.149468,0.286811,0.0821176
1818342,2025-03-09 11:56:23.853,-0.0025116,0.278953,0.364606
1818343,2025-03-09 11:56:23.858,0.135361,0.316334,0.604348
1818344,2025-03-09 11:56:23.863,0.199439,0.326061,0.749566
1818345,2025-03-09 11:56:23.868,0.199583,0.300344,0.778196
1818346,2025-03-09 11:56:23.874,0.163245,0.246901,0.738386
1818347,2025-03-09 11:56:23.877,0.123765,0.201859,0.648225
1818348,2025-03-09 11:56:23.882,0.0716803,0.200007,0.523123
1818349,2025-03-09 11:56:23.887,-0.0178444,0.224619,0.408225
1818350,2025-03-09 11:56:23.892,-0.142213,0.244957,0.311408
1818351,2025-03-09 11:56:23.897,-0.250351,0.244529,0.219376
1818352,2025-03-09 11:56:23.902,-0.359495,0.219965,0.174803
1818353,2025-03-09 11:56:23.907,-0.460535,0.165517,0.184433
1818354,2025-03-09 11:56:23.912,-0.525233,0.116855,0.186283
1818355,2025-03-09 11:56:23.917,-0.568427,0.0879574,0.193693
1818356,2025-03-09 11:56:23.922,-0.639083,0.0702763,0.214998
1818357,2025-03-09 11:56:23.926,-0.683852,0.0433421,0.224164
1818358,2025-03-09 11:56:23.931,-0.71509,0.0119777,0.193981
1818359,2025-03-09 11:56:23.936,-0.769916,-0.0345812,0.114206
1818360,2025-03-09 11:56:23.941,-0.813059,-0.0902729,0.0303493
1818361,2025-03-09 11:56:23.947,-0.795159,-0.150337,-0.0408859
1818362,2025-03-09 11:56:23.952,-0.656541,-0.185389,-0.0375562
1818363,2025-03-09 11:56:23.956,-0.457592,-0.188904,0.104207
1818364,2025-03-09 11:56:23.961,-0.213455,-0.164123,0.364882
1818365,2025-03-09 11:56:23.966,0.0246027,-0.106962,0.595548
1818366,2025-03-09 11:56:23.97,0.231724,-0.0367694,0.726529
1818367,2025-03-09 11:56:23.975,0.374338,0.0276093,0.713297
1818368,2025-03-09 11:56:23.98,0.437504,0.054666,0.57674
1818369,2025-03-09 11:56:23.985,0.463292,0.044302,0.371708
1818370,2025-03-09 11:56:23.99,0.43655,0.0414391,0.142003
1818371,2025-03-09 11:56:23.995,0.384999,0.0454092,-0.0878329
1818372,2025-03-09 11:56:24,0.335983,0.0447879,-0.298131
1818373,2025-03-09 11:56:24.005,0.286841,0.0481954,-0.451351
1818374,2025-03-09 11:56:24.01,0.21115,0.0318089,-0.517066
1818375,2025-03-09 11:56:24.015,0.138583,-0.0161424,-0.505438
1818376,2025-03-09 11:56:24.019,0.0775444,-0.0398088,-0.465577
1818377,2025-03-09 11:56:24.025,0.0455309,-0.0835404,-0.430724
1818378,2025-03-09 11:56:24.029,-0.0495617,-0.108362,-0.35655
1818379,2025-03-09 11:56:24.034,-0.136237,-0.140786,-0.266885
1818380,2025-03-09 11:56:24.039,-0.238489,-0.151341,-0.199568
1818381,2025-03-09 11:56:24.045,-0.287049,-0.16293,-0.147123
1818382,2025-03-09 11:56:24.049,-0.267217,-0.138843,-0.130695
1818383,2025-03-09 11:56:24.054,-0.183275,-0.0938964,-0.0120082
1818384,2025-03-09 11:56:24.059,-0.0284001,-0.0771508,0.146576
1818385,2025-03-09 11:56:24.063,0.128324,-0.0980215,0.258225
1818386,2025-03-09 11:56:24.068,0.290797,-0.131413,0.319921
1818387,2025-03-09 11:56:24.073,0.451357,-0.246367,0.379859
1818388,2025-03-09 11:56:24.078,0.616943,-0.56208,0.510444
1818389,2025-03-09 11:56:24.083,0.458145,-0.400165,0.515131
1818390,2025-03-09 11:56:24.088,0.195687,-0.0895958,0.442186
1818391,2025-03-09 11:56:24.093,0.146461,0.0958023,0.306065
1818392,2025-03-09 11:56:24.098,0.247666,0.113703,0.0877504
1818393,2025-03-09 11:56:24.103,0.331052,0.10249,-0.12114
1818394,2025-03-09 11:56:24.108,0.342486,0.105458,-0.20467
1818395,2025-03-09 11:56:24.112,0.324784,0.116621,-0.180575
1818396,2025-03-09 11:56:24.117,0.281555,0.133603,-0.106794
1818397,2025-03-09 11:56:24.123,0.278221,0.121802,-0.0595889
1818398,2025-03-09 11:56:24.127,0.30871,0.0908279,-0.0457292
1818399,2025-03-09 11:56:24.132,0.363359,0.0739012,-0.0113411
1818400,2025-03-09 11:56:24.137,0.421676,0.0802112,0.0625887
1818401,2025-03-09 11:56:24.143,0.457504,0.10336,0.159381
1818402,2025-03-09 11:56:24.147,0.476905,0.126345,0.248225
1818403,2025-03-09 11:56:24.152,0.517865,0.137065,0.33891
1818404,2025-03-09 11:56:24.158,0.574362,0.172055,0.418727
1818405,2025-03-09 11:56:24.161,0.589457,0.213155,0.46298
1818406,2025-03-09 11:56:24.166,0.559019,0.263928,0.443419
1818407,2025-03-09 11:56:24.172,0.523825,0.262539,0.400959
1818408,2025-03-09 11:56:24.176,0.489618,0.225002,0.310721
1818409,2025-03-09 11:56:24.181,0.446536,0.156686,0.194158
1818410,2025-03-09 11:56:24.186,0.389717,0.0984783,0.059535
1818411,2025-03-09 11:56:24.192,0.328695,0.0505524,-0.0754433
1818412,2025-03-09 11:56:24.196,0.240692,0.0485835,-0.166995
1818413,2025-03-09 11:56:24.201,0.134136,0.0779839,-0.17872
1818414,2025-03-09 11:56:24.205,0.0280036,0.118251,-0.115972
1818415,2025-03-09 11:56:24.21,-0.000489467,0.133452,0.0172944
1818416,2025-03-09 11:56:24.215,0.0160963,0.129578,0.158911
1818417,2025-03-09 11:56:24.221,-0.00437211,0.105348,0.268693
1818418,2025-03-09 11:56:24.225,-0.00103427,0.0514069,0.340999
1818419,2025-03-09 11:56:24.23,0.0330684,-0.00605011,0.401233
1818420,2025-03-09 11:56:24.235,0.0344952,-0.0420332,0.439964
1818421,2025-03-09 11:56:24.241,0.0284591,-0.0747395,0.490813
1818422,2025-03-09 11:56:24.245,0.0340684,-0.0720177,0.49064
1818423,2025-03-09 11:56:24.25,0.024222,-0.055469,0.440998
1818424,2025-03-09 11:56:24.254,0.0197208,-0.0406837,0.383886
1818425,2025-03-09 11:56:24.259,0.018315,-0.0238137,0.319107
1818426,2025-03-09 11:56:24.264,-0.00371472,-0.00825882,0.254864
1818427,2025-03-09 11:56:24.269,-0.0355197,0.0288053,0.196838
1818428,2025-03-09 11:56:24.274,-0.0235187,0.0326591,0.171037
1818429,2025-03-09 11:56:24.279,-0.0478094,0.0226121,0.158161
1818431,2025-03-09 11:56:24.289,-0.196417,-0.0791173,0.236181
1818430,2025-03-09 11:56:24.29,-0.196417,-0.0791173,0.236181
1818432,2025-03-09 11:56:24.294,-0.310079,-0.121064,0.299573
1818433,2025-03-09 11:56:24.298,-0.411596,-0.174819,0.372213
1818434,2025-03-09 11:56:24.304,-0.497876,-0.207342,0.480418
1818435,2025-03-09 11:56:24.309,-0.520655,-0.235624,0.521976
1818436,2025-03-09 11:56:24.313,-0.447091,-0.241979,0.522448
1818437,2025-03-09 11:56:24.318,-0.317852,-0.248076,0.5096
1818438,2025-03-09 11:56:24.323,-0.192615,-0.257437,0.470443
1818439,2025-03-09 11:56:24.328,-0.0498221,-0.241334,0.395501
1818440,2025-03-09 11:56:24.333,0.0807398,-0.237815,0.31342
1818441,2025-03-09 11:56:24.343,0.216605,-0.15476,0.133188
1818442,2025-03-09 11:56:24.347,0.247905,-0.107196,0.0631261
1818443,2025-03-09 11:56:24.357,0.246953,-0.0108943,-0.055099
1818444,2025-03-09 11:56:24.367,0.197176,0.0246224,-0.126205
1818445,2025-03-09 11:56:24.367,0.148033,0.0246224,-0.126205
1818446,2025-03-09 11:56:24.377,0.0509213,0.00279045,-0.100258
1818447,2025-03-09 11:56:24.377,0.0509213,0.00279045,-0.100258
1818448,2025-03-09 11:56:24.377,0.0509213,0.00279045,-0.100258
1818449,2025-03-09 11:56:24.377,0.0509213,0.00279045,-0.100258
1818450,2025-03-09 11:56:24.382,0.00866739,-0.0196013,-0.0817227
1818451,2025-03-09 11:56:24.387,-0.0214044,-0.0378323,-0.0210018
1818452,2025-03-09 11:56:24.393,-0.0546716,-0.0462103,0.0627632
1818453,2025-03-09 11:56:24.401,-0.0488755,-0.0600858,0.0988135
1818454,2025-03-09 11:56:24.401,-0.0488755,-0.0600858,0.0988135
1818455,2025-03-09 11:56:24.411,-0.00956075,-0.0529447,0.0759034
1818456,2025-03-09 11:56:24.421,0.0323468,-0.0604882,0.0396504
1818457,2025-03-09 11:56:24.426,0.0568842,-0.0461874,0.038795
1818458,2025-03-09 11:56:24.436,0.135287,-0.0825615,0.0792394
1818459,2025-03-09 11:56:24.44,0.138892,-0.0203958,0.120615
1818460,2025-03-09 11:56:24.44,0.138892,-0.0203958,0.120615
1818461,2025-03-09 11:56:24.44,0.138892,-0.0203958,0.120615
1818462,2025-03-09 11:56:24.44,0.138892,-0.0203958,0.120615
1818463,2025-03-09 11:56:24.445,0.0865108,0.0125632,0.186763
1818464,2025-03-09 11:56:24.45,0.0757848,0.000989914,0.227743
1818465,2025-03-09 11:56:24.455,0.101532,0.0199437,0.267598
1818466,2025-03-09 11:56:24.46,0.115903,0.0347242,0.302789
1818467,2025-03-09 11:56:24.465,0.104637,0.0275202,0.347636
1818468,2025-03-09 11:56:24.47,0.139179,0.0411768,0.393816
1818469,2025-03-09 11:56:24.475,0.175133,0.055366,0.385497
1818470,2025-03-09 11:56:24.48,0.207815,0.0939445,0.355073
1818471,2025-03-09 11:56:24.485,0.245867,0.129638,0.257411
1818472,2025-03-09 11:56:24.489,0.272512,0.169796,0.167661
1818473,2025-03-09 11:56:24.495,0.30816,0.209837,0.0784426
1818474,2025-03-09 11:56:24.499,0.325706,0.236835,0.013381
1818475,2025-03-09 11:56:24.504,0.343236,0.274784,-0.057538
1818476,2025-03-09 11:56:24.509,0.332475,0.292878,-0.0975995
1818477,2025-03-09 11:56:24.514,0.354454,0.302048,-0.102386
1818478,2025-03-09 11:56:24.519,0.380737,0.305889,-0.0697689
1818479,2025-03-09 11:56:24.524,0.420949,0.299674,-0.0285225
1818480,2025-03-09 11:56:24.529,0.445291,0.229961,0.00357676
1818481,2025-03-09 11:56:24.534,0.430131,0.151805,0.0717926
1818482,2025-03-09 11:56:24.538,0.386285,0.0460467,0.129748
1818483,2025-03-09 11:56:24.543,0.3244,-0.0243282,0.162242
1818484,2025-03-09 11:56:24.548,0.294239,-0.0739312,0.195667
1818485,2025-03-09 11:56:24.553,0.282308,-0.100737,0.196937
1818486,2025-03-09 11:56:24.558,0.28952,-0.13953,0.194964
1818487,2025-03-09 11:56:24.563,0.2645,-0.146423,0.193461
1818488,2025-03-09 11:56:24.569,0.298585,-0.119357,0.18652
1818489,2025-03-09 11:56:24.573,0.362805,-0.0907335,0.157629
1818490,2025-03-09 11:56:24.578,0.392812,-0.0557847,0.103377
1818491,2025-03-09 11:56:24.582,0.424462,-0.0347633,0.0596037
1818492,2025-03-09 11:56:24.587,0.434093,0.00929117,0.0178699
1818493,2025-03-09 11:56:24.592,0.387526,0.0252171,-0.0290289
1818494,2025-03-09 11:56:24.597,0.313879,0.0336261,-0.0978508
1818495,2025-03-09 11:56:24.602,0.243168,0.035934,-0.164822
1818496,2025-03-09 11:56:24.607,0.168207,0.0537753,-0.224228
1818497,2025-03-09 11:56:24.612,0.124656,0.0812483,-0.264412
1818498,2025-03-09 11:56:24.617,0.10997,0.103007,-0.322491
1818499,2025-03-09 11:56:24.622,0.0955121,0.122671,-0.424434
1818500,2025-03-09 11:56:24.627,0.0908429,0.108247,-0.471388
1818501,2025-03-09 11:56:24.631,0.0814889,0.0839138,-0.485327
1818502,2025-03-09 11:56:24.636,0.0756013,0.0508876,-0.473604
1818503,2025-03-09 11:56:24.641,0.0502651,0.0292807,-0.441063
1818504,2025-03-09 11:56:24.646,0.0235367,0.0321431,-0.430691
1818505,2025-03-09 11:56:24.651,-0.0331638,0.0258875,-0.400623
1818506,2025-03-09 11:56:24.656,-0.0841788,0.0389833,-0.343816
1818507,2025-03-09 11:56:24.661,-0.107118,0.0557389,-0.285336
1818508,2025-03-09 11:56:24.666,-0.0965019,0.0641394,-0.177612
1818509,2025-03-09 11:56:24.671,-0.0607307,0.0616884,-0.0647907
1818510,2025-03-09 11:56:24.675,-0.0320565,0.0447602,0.0520453
1818511,2025-03-09 11:56:24.68,0.0444225,0.0309453,0.169627
1818512,2025-03-09 11:56:24.685,0.120932,0.0213785,0.277292
1818513,2025-03-09 11:56:24.69,0.210756,0.000426769,0.34561
1818514,2025-03-09 11:56:24.695,0.276009,-0.00678492,0.381945
1818515,2025-03-09 11:56:24.701,0.339743,0.0173945,0.410351
1818516,2025-03-09 11:56:24.705,0.370114,0.0242057,0.409373
1818517,2025-03-09 11:56:24.71,0.365187,0.0495234,0.402892
1818518,2025-03-09 11:56:24.715,0.3419,0.0839539,0.359848
1818519,2025-03-09 11:56:24.72,0.3016,0.0932069,0.314775
1818520,2025-03-09 11:56:24.724,0.248116,0.0990081,0.269928
1818521,2025-03-09 11:56:24.729,0.181615,0.0850077,0.208464
1818522,2025-03-09 11:56:24.734,0.100985,0.0657015,0.157742
1818523,2025-03-09 11:56:24.739,0.0369729,0.0531468,0.103287
1818524,2025-03-09 11:56:24.744,-0.015559,0.0497003,0.0557704
1818525,2025-03-09 11:56:24.749,-0.10467,0.0707302,0.0471592
1818526,2025-03-09 11:56:24.754,-0.183968,0.0801439,0.0548253
1818527,2025-03-09 11:56:24.759,-0.229978,0.0909657,0.0953679
1818528,2025-03-09 11:56:24.764,-0.232489,0.0970602,0.162746
1818529,2025-03-09 11:56:24.77,-0.203897,0.0970063,0.220187
1818530,2025-03-09 11:56:24.773,-0.160096,0.103758,0.266719
1818531,2025-03-09 11:56:24.778,-0.0881779,0.10412,0.295386
1818532,2025-03-09 11:56:24.783,-0.0167192,0.106312,0.327845
1818533,2025-03-09 11:56:24.788,0.0677186,0.136362,0.351085
1818534,2025-03-09 11:56:24.793,0.172407,0.160771,0.362845
1818535,2025-03-09 11:56:24.798,0.266827,0.195023,0.352551
1818536,2025-03-09 11:56:24.803,0.363337,0.206966,0.334663
1818537,2025-03-09 11:56:24.808,0.443383,0.209973,0.309136
1818538,2025-03-09 11:56:24.813,0.469351,0.190077,0.246175
1818539,2025-03-09 11:56:24.817,0.432291,0.163156,0.174345
1818540,2025-03-09 11:56:24.822,0.359886,0.140171,0.0946989
1818541,2025-03-09 11:56:24.827,0.260639,0.135478,-0.0130167
1818542,2025-03-09 11:56:24.832,0.159476,0.125369,-0.111947
1818543,2025-03-09 11:56:24.837,0.0644714,0.133756,-0.193978
1818544,2025-03-09 11:56:24.842,-0.03655,0.134461,-0.284274
1818545,2025-03-09 11:56:24.847,-0.124849,0.122681,-0.324494
1818546,2025-03-09 11:56:24.852,-0.178349,0.122334,-0.33057
1818547,2025-03-09 11:56:24.857,-0.239114,0.13905,-0.323962
1818548,2025-03-09 11:56:24.862,-0.248974,0.159608,-0.298826
1818549,2025-03-09 11:56:24.866,-0.223695,0.17655,-0.225352
1818550,2025-03-09 11:56:24.871,-0.157496,0.205098,-0.146453
1818551,2025-03-09 11:56:24.876,-0.101626,0.228431,-0.0881882
1818552,2025-03-09 11:56:24.881,-0.0357638,0.234601,-0.039587
1818553,2025-03-09 11:56:24.886,-0.00142518,0.239031,0.0126314
1818554,2025-03-09 11:56:24.891,0.0231119,0.19908,0.0363164
1818555,2025-03-09 11:56:24.896,-9.05395e-05,0.162573,0.0305429
1818556,2025-03-09 11:56:24.901,-0.0278778,0.124858,0.0191827
1818557,2025-03-09 11:56:24.906,-0.100643,0.0872321,-0.0346122
1818558,2025-03-09 11:56:24.911,-0.162299,0.0617743,-0.0547113
1818559,2025-03-09 11:56:24.916,-0.234337,0.0484862,-0.0877876
1818560,2025-03-09 11:56:24.921,-0.303564,0.0497665,-0.0828052
1818561,2025-03-09 11:56:24.925,-0.316531,0.063098,-0.0614257
1818562,2025-03-09 11:56:24.93,-0.310337,0.0527267,0.011869
1818563,2025-03-09 11:56:24.935,-0.271927,0.0495973,0.113019
1818564,2025-03-09 11:56:24.94,-0.23093,0.0452023,0.174267
1818565,2025-03-09 11:56:24.945,-0.171729,0.0217075,0.217356
1818566,2025-03-09 11:56:24.95,-0.138412,0.0172243,0.243655
1818567,2025-03-09 11:56:24.955,-0.119045,-0.0136123,0.278319
1818568,2025-03-09 11:56:24.959,-0.125677,-0.015883,0.290317
1818569,2025-03-09 11:56:24.964,-0.151343,-0.0350776,0.253842
1818570,2025-03-09 11:56:24.969,-0.168768,-0.0425253,0.240478
1818571,2025-03-09 11:56:24.975,-0.166158,-0.0502663,0.221611
1818572,2025-03-09 11:56:24.979,-0.164023,-0.0619583,0.18431
1818573,2025-03-09 11:56:24.984,-0.149383,-0.0704737,0.156059
1818574,2025-03-09 11:56:24.989,-0.125988,-0.0520291,0.131966
1818575,2025-03-09 11:56:24.994,-0.0760128,-0.0234165,0.101267
1818576,2025-03-09 11:56:24.999,-0.0174091,0.00466442,0.0746436
1818577,2025-03-09 11:56:25.004,0.0462121,0.0489101,0.0235047
1818578,2025-03-09 11:56:25.008,0.0758882,0.0939002,-0.0603805
1818579,2025-03-09 11:56:25.014,0.0970917,0.123098,-0.134076
1818580,2025-03-09 11:56:25.018,0.0732986,0.145093,-0.168122
1818581,2025-03-09 11:56:25.023,0.0190812,0.156475,-0.200922
1818582,2025-03-09 11:56:25.029,-0.0284362,0.150321,-0.225466
1818583,2025-03-09 11:56:25.033,-0.0692911,0.105448,-0.233548
1818584,2025-03-09 11:56:25.038,-0.108232,0.0495396,-0.225359
1818585,2025-03-09 11:56:25.043,-0.121749,-0.0019207,-0.210504
1818586,2025-03-09 11:56:25.048,-0.115841,-0.0453887,-0.192613
1818587,2025-03-09 11:56:25.052,-0.103886,-0.096498,-0.159718
1818588,2025-03-09 11:56:25.057,-0.0895627,-0.143283,-0.146404
1818589,2025-03-09 11:56:25.062,-0.0706967,-0.159783,-0.127473
1818590,2025-03-09 11:56:25.067,-0.0522839,-0.177217,-0.0838885
1818591,2025-03-09 11:56:25.073,-0.00484139,-0.15898,-0.00617886
1818592,2025-03-09 11:56:25.077,0.0868291,-0.13045,0.0877099
1818593,2025-03-09 11:56:25.082,0.157311,-0.106133,0.184756
1818594,2025-03-09 11:56:25.087,0.25333,-0.0944667,0.241173
1818595,2025-03-09 11:56:25.092,0.308404,-0.0633216,0.288195
1818596,2025-03-09 11:56:25.097,0.359786,-0.0388684,0.284258
1818597,2025-03-09 11:56:25.106,0.430305,0.0149775,0.20569
1818598,2025-03-09 11:56:25.111,0.423932,0.0127358,0.116877
1818599,2025-03-09 11:56:25.111,0.423932,0.0127358,0.116877
1818600,2025-03-09 11:56:25.117,0.397965,0.008183,0.0157247
1818601,2025-03-09 11:56:25.122,0.313228,0.0252504,-0.0847735
1818602,2025-03-09 11:56:25.126,0.232933,0.0367064,-0.168245
1818603,2025-03-09 11:56:25.131,0.147577,0.0498056,-0.224227
1818604,2025-03-09 11:56:25.136,0.12125,0.0444026,-0.249438
1818605,2025-03-09 11:56:25.141,0.11904,0.0385242,-0.251318
1818606,2025-03-09 11:56:25.145,0.106229,0.039155,-0.221622
1818607,2025-03-09 11:56:25.15,0.103247,0.0378075,-0.177113
1818608,2025-03-09 11:56:25.155,0.083796,0.0201545,-0.120196
1818609,2025-03-09 11:56:25.16,0.0683038,0.00640774,-0.0627446
1818610,2025-03-09 11:56:25.165,0.0686892,-0.029808,0.0156336
1818611,2025-03-09 11:56:25.17,0.0359414,-0.0526958,0.0565953
1818612,2025-03-09 11:56:25.175,-0.00725213,-0.0780587,0.124794
1818613,2025-03-09 11:56:25.18,-0.0442893,-0.110713,0.173784
1818614,2025-03-09 11:56:25.185,-0.0716773,-0.113874,0.200237
1818615,2025-03-09 11:56:25.19,-0.0859796,-0.113819,0.207821
1818616,2025-03-09 11:56:25.194,-0.107529,-0.12254,0.20509
1818617,2025-03-09 11:56:25.199,-0.114934,-0.111355,0.1659
1818618,2025-03-09 11:56:25.204,-0.0654557,-0.0780306,0.1214
1818619,2025-03-09 11:56:25.209,-0.0367032,-0.0593853,0.0821619
1818620,2025-03-09 11:56:25.214,-0.0117494,-0.0208158,0.0445347
1818621,2025-03-09 11:56:25.219,0.00712499,0.0139651,-0.00948191
1818622,2025-03-09 11:56:25.224,0.0307051,0.0259442,-0.0476503
1818623,2025-03-09 11:56:25.23,0.0375837,0.0451813,-0.108271
1818624,2025-03-09 11:56:25.234,0.029163,0.0597978,-0.124727
1818625,2025-03-09 11:56:25.24,-0.00636959,0.0591249,-0.166218
1818626,2025-03-09 11:56:25.243,-0.03094,0.061203,-0.169727
1818627,2025-03-09 11:56:25.248,-0.0659953,0.0576153,-0.17585
1818628,2025-03-09 11:56:25.253,-0.126903,0.0648818,-0.187991
1818629,2025-03-09 11:56:25.258,-0.162331,0.0366383,-0.181188
1818630,2025-03-09 11:56:25.263,-0.191535,0.0277081,-0.203012
1818631,2025-03-09 11:56:25.268,-0.211272,0.022531,-0.199845
1818632,2025-03-09 11:56:25.273,-0.268169,0.012753,-0.215816
1818633,2025-03-09 11:56:25.278,-0.269446,0.0386882,-0.217457
1818634,2025-03-09 11:56:25.283,-0.24635,0.0526166,-0.185944
1818635,2025-03-09 11:56:25.287,-0.219101,0.0735478,-0.157083
1818636,2025-03-09 11:56:25.292,-0.206609,0.100272,-0.132066
1818637,2025-03-09 11:56:25.297,-0.20969,0.131495,-0.0834923
1818638,2025-03-09 11:56:25.302,-0.199711,0.117286,-0.0412002
1818639,2025-03-09 11:56:25.307,-0.174433,0.106755,0.00786114
1818640,2025-03-09 11:56:25.312,-0.175469,0.0808344,0.0328164
1818641,2025-03-09 11:56:25.317,-0.175325,0.0611577,0.0622234
1818642,2025-03-09 11:56:25.322,-0.177487,0.0440025,0.0842814
1818643,2025-03-09 11:56:25.327,-0.170246,0.0317564,0.106134
1818644,2025-03-09 11:56:25.332,-0.182017,0.0100865,0.140892
1818645,2025-03-09 11:56:25.336,-0.184086,0.0133538,0.185024
1818646,2025-03-09 11:56:25.341,-0.148044,-0.0025897,0.230163
1818647,2025-03-09 11:56:25.347,-0.121611,-0.0210791,0.234861
1818648,2025-03-09 11:56:25.351,-0.0869565,-0.0289273,0.242087
1818649,2025-03-09 11:56:25.357,-0.071507,-0.0405607,0.22223
1818650,2025-03-09 11:56:25.361,-0.0716937,-0.0203023,0.200404
1818651,2025-03-09 11:56:25.366,-0.0436539,0.0114884,0.164664
1818652,2025-03-09 11:56:25.371,-0.0302985,0.0405455,0.131676
1818653,2025-03-09 11:56:25.376,0.00660858,0.0539117,0.0906663
1818654,2025-03-09 11:56:25.38,0.0205006,0.070806,0.0487309
1818655,2025-03-09 11:56:25.385,0.0211715,0.082932,0.022459
1818656,2025-03-09 11:56:25.39,0.0217483,0.0915699,-0.00138807
1818657,2025-03-09 11:56:25.395,0.0461029,0.0777321,0.000937462
1818658,2025-03-09 11:56:25.4,0.0645179,0.0582156,0.00668097
1818659,2025-03-09 11:56:25.405,0.0924083,0.0365901,0.0134721
1818660,2025-03-09 11:56:25.41,0.112043,0.0116906,0.0474219
1818661,2025-03-09 11:56:25.415,0.157876,-0.0153561,0.0466561
1818662,2025-03-09 11:56:25.42,0.1596,-0.0350041,0.0482316
1818663,2025-03-09 11:56:25.425,0.167408,-0.0237236,0.0403991
1818664,2025-03-09 11:56:25.43,0.17048,-0.0079093,0.0446219
1818665,2025-03-09 11:56:25.434,0.153501,-0.00299072,0.0405841
1818666,2025-03-09 11:56:25.439,0.174698,0.00757122,0.0391955
1818667,2025-03-09 11:56:25.444,0.174394,0.00600433,0.0225515
1818668,2025-03-09 11:56:25.449,0.17044,0.010169,0.00624943
1818669,2025-03-09 11:56:25.454,0.179577,0.0141187,-0.00736904
1818670,2025-03-09 11:56:25.459,0.185174,0.00481749,-0.0313993
1818671,2025-03-09 11:56:25.464,0.201672,0.00734806,-0.0978403
1818672,2025-03-09 11:56:25.469,0.189904,0.00749826,-0.148291
1818673,2025-03-09 11:56:25.474,0.190288,-0.00179911,-0.20192
1818674,2025-03-09 11:56:25.478,0.168348,0.0141015,-0.236281
1818675,2025-03-09 11:56:25.483,0.134811,0.0110855,-0.275298
1818676,2025-03-09 11:56:25.488,0.109943,0.00124264,-0.305935
1818677,2025-03-09 11:56:25.493,0.0852762,0.00367785,-0.340189
1818678,2025-03-09 11:56:25.498,0.0655285,0.00648975,-0.355546
1818679,2025-03-09 11:56:25.503,0.0207998,0.023963,-0.372396
1818680,2025-03-09 11:56:25.509,-0.0180102,0.0476365,-0.382396
1818681,2025-03-09 11:56:25.513,-0.0342745,0.0668154,-0.358336
1818682,2025-03-09 11:56:25.518,-0.0769173,0.084981,-0.318199
1818683,2025-03-09 11:56:25.523,-0.10519,0.0724344,-0.262081
1818684,2025-03-09 11:56:25.528,-0.131008,0.0530038,-0.178076
1818685,2025-03-09 11:56:25.532,-0.125848,0.0290327,-0.109066
1818686,2025-03-09 11:56:25.537,-0.111314,-0.0125923,-0.0429621
1818687,2025-03-09 11:56:25.542,-0.0959057,-0.0445137,-0.00339937
1818688,2025-03-09 11:56:25.548,-0.090221,-0.082314,0.0573974
1818689,2025-03-09 11:56:25.552,-0.0846509,-0.0891032,0.0964804
1818690,2025-03-09 11:56:25.557,-0.100468,-0.0865579,0.117643
1818691,2025-03-09 11:56:25.562,-0.0888155,-0.0759292,0.107965
1818692,2025-03-09 11:56:25.567,-0.0915127,-0.0442686,0.111661
1818693,2025-03-09 11:56:25.571,-0.0753394,-0.0403261,0.123776
1818694,2025-03-09 11:56:25.577,-0.0534625,-0.0353861,0.146619
1818695,2025-03-09 11:56:25.582,-0.0292722,-0.0188837,0.17547
1818696,2025-03-09 11:56:25.587,-0.00877196,-0.00869703,0.172266
1818697,2025-03-09 11:56:25.591,-0.0190514,-0.00589895,0.158592
1818698,2025-03-09 11:56:25.596,-0.043277,0.0134192,0.14274
1818699,2025-03-09 11:56:25.601,-0.0540493,0.017066,0.116423
1818700,2025-03-09 11:56:25.606,-0.0847579,0.0194559,0.105802
1818701,2025-03-09 11:56:25.611,-0.0748124,0.0159154,0.0774426
1818702,2025-03-09 11:56:25.615,-0.0637051,0.0302243,0.0528698
1818703,2025-03-09 11:56:25.62,-0.0681391,0.020731,0.015389
1818704,2025-03-09 11:56:25.625,-0.0654033,0.0387039,-0.0206738
1818705,2025-03-09 11:56:25.63,-0.0984288,0.036346,-0.0386348
1818706,2025-03-09 11:56:25.635,-0.10766,0.0269799,-0.0684185
1818707,2025-03-09 11:56:25.641,-0.130221,0.0261512,-0.0933681
1818708,2025-03-09 11:56:25.645,-0.152859,0.0242367,-0.102782
1818709,2025-03-09 11:56:25.65,-0.156746,0.0283861,-0.134802
1818710,2025-03-09 11:56:25.655,-0.145538,0.0171113,-0.127443
1818711,2025-03-09 11:56:25.66,-0.0896104,0.00470018,-0.0940037
1818712,2025-03-09 11:56:25.664,-0.0378807,0.01371,-0.0702991
1818713,2025-03-09 11:56:25.669,0.00270855,0.016644,-0.0360465
1818714,2025-03-09 11:56:25.674,0.031104,0.0231009,0.000308514
1818715,2025-03-09 11:56:25.679,0.0356316,0.0176215,0.0292554
1818716,2025-03-09 11:56:25.685,0.0427541,0.00743675,0.0579782
1818717,2025-03-09 11:56:25.689,0.0193625,-0.00729132,0.0911136
1818718,2025-03-09 11:56:25.694,0.0131554,-0.0182629,0.114427
1818719,2025-03-09 11:56:25.699,0.020462,-0.0361643,0.117289
1818720,2025-03-09 11:56:25.704,0.0424182,-0.0371084,0.130652
1818721,2025-03-09 11:56:25.71,0.0373462,-0.058177,0.139132
1818722,2025-03-09 11:56:25.713,0.0137596,-0.0647554,0.145123
1818723,2025-03-09 11:56:25.718,-0.0150892,-0.0736547,0.143968
1818724,2025-03-09 11:56:25.723,-0.0564655,-0.0896711,0.126286
1818725,2025-03-09 11:56:25.728,-0.0856233,-0.0759459,0.105257
1818726,2025-03-09 11:56:25.733,-0.111069,-0.0730634,0.0690112
1818727,2025-03-09 11:56:25.738,-0.0950488,-0.0868812,-0.0131879
1818728,2025-03-09 11:56:25.743,-0.0807796,-0.080513,-0.0768127
1818729,2025-03-09 11:56:25.748,-0.0577034,-0.0731597,-0.113679
1818730,2025-03-09 11:56:25.753,-0.0485665,-0.0434585,-0.13233
1818731,2025-03-09 11:56:25.757,-0.0379775,-0.0248132,-0.142441
1818732,2025-03-09 11:56:25.762,-0.0388413,0.000637531,-0.153535
1818733,2025-03-09 11:56:25.767,-0.0484653,0.0221744,-0.153742
1818734,2025-03-09 11:56:25.772,-0.048781,0.0376029,-0.139723
1818735,2025-03-09 11:56:25.777,-0.0742444,0.0327578,-0.147233
1818736,2025-03-09 11:56:25.782,-0.0865731,0.0245156,-0.133438
1818737,2025-03-09 11:56:25.787,-0.089286,0.0130267,-0.118807
1818738,2025-03-09 11:56:25.792,-0.0835353,-0.0242581,-0.103319
1818739,2025-03-09 11:56:25.797,-0.0394397,-0.0489798,-0.090683
1818740,2025-03-09 11:56:25.802,-0.00836253,-0.0399404,-0.0262051
1818741,2025-03-09 11:56:25.806,0.0135017,-0.0343447,0.0102749
1818742,2025-03-09 11:56:25.811,0.0298272,-0.0273848,0.0783172
1818743,2025-03-09 11:56:25.816,0.0607656,-0.0121288,0.158832
1818744,2025-03-09 11:56:25.821,0.0977881,-0.033864,0.211459
1818745,2025-03-09 11:56:25.826,0.101719,-0.0258741,0.232935
1818746,2025-03-09 11:56:25.836,0.0167411,-0.0389738,0.263964
1818747,2025-03-09 11:56:25.836,0.0167411,-0.0389738,0.263964
1818748,2025-03-09 11:56:25.841,-0.0222208,-0.0197563,0.248885
1818749,2025-03-09 11:56:25.846,-0.0621158,-0.029511,0.246109
1818750,2025-03-09 11:56:25.851,-0.105203,-0.0359573,0.215191
1818751,2025-03-09 11:56:25.855,-0.136109,-0.0283537,0.176459
1818752,2025-03-09 11:56:25.86,-0.145542,-0.0304685,0.120389
1818753,2025-03-09 11:56:25.865,-0.157497,-0.0480294,0.0410619
1818754,2025-03-09 11:56:25.871,-0.170809,-0.0522661,-0.0317969
1818755,2025-03-09 11:56:25.875,-0.165351,-0.0420613,-0.10185
1818756,2025-03-09 11:56:25.88,-0.168571,-0.0269666,-0.158495
1818757,2025-03-09 11:56:25.885,-0.131699,-0.0105491,-0.175765
1818758,2025-03-09 11:56:25.89,-0.114486,-0.013052,-0.155126
1818759,2025-03-09 11:56:25.895,-0.0940792,0.0131183,-0.13839
1818760,2025-03-09 11:56:25.9,-0.0775649,0.0236535,-0.0790815
1818761,2025-03-09 11:56:25.904,-0.0647644,0.020998,-0.0214119
1818762,2025-03-09 11:56:25.91,-0.0236278,0.0193896,0.0288086
1818763,2025-03-09 11:56:25.914,0.00299031,0.00579548,0.0609326
1818764,2025-03-09 11:56:25.919,-0.00728017,-0.00187016,0.0893497
1818765,2025-03-09 11:56:25.924,0.000477701,-0.0167084,0.109341
1818766,2025-03-09 11:56:25.929,0.00234011,-0.00772285,0.132771
1818767,2025-03-09 11:56:25.934,-0.0147529,0.0141816,0.158445
1818768,2025-03-09 11:56:25.939,-0.0374785,0.0133872,0.14233
1818769,2025-03-09 11:56:25.944,-0.0598528,0.013792,0.141784
1818770,2025-03-09 11:56:25.948,-0.0307814,0.0154371,0.142388
1818771,2025-03-09 11:56:25.953,0.00192595,0.00752926,0.135923
1818772,2025-03-09 11:56:25.958,0.0512439,0.0115042,0.146196
1818773,2025-03-09 11:56:25.963,0.0815643,0.0012207,0.126712
1818774,2025-03-09 11:56:25.969,0.110823,-0.00668383,0.107489
1818775,2025-03-09 11:56:25.973,0.130622,0.000852585,0.0695038
1818776,2025-03-09 11:56:25.978,0.104043,-0.00478125,0.017643
1818777,2025-03-09 11:56:25.983,0.0989435,-0.00919676,-0.0100341
1818778,2025-03-09 11:56:25.988,0.0925048,-0.00522661,-0.0529623
1818779,2025-03-09 11:56:25.992,0.0799585,0.0012393,-0.0945063
1818780,2025-03-09 11:56:25.997,0.075819,0.00541639,-0.128717
1818781,2025-03-09 11:56:26.002,0.0481246,0.0025835,-0.140222
1818782,2025-03-09 11:56:26.007,0.0194417,-0.00123167,-0.152995
1818783,2025-03-09 11:56:26.012,-0.0137931,-0.0274119,-0.155132
1818784,2025-03-09 11:56:26.017,-0.0220187,-0.0508265,-0.150307
1818785,2025-03-09 11:56:26.022,-0.00895292,-0.0869002,-0.180154
1818786,2025-03-09 11:56:26.027,0.000338495,-0.113009,-0.182617
1818787,2025-03-09 11:56:26.032,-0.00235856,-0.132749,-0.182898
1818788,2025-03-09 11:56:26.037,-0.0360819,-0.128422,-0.165535
1818789,2025-03-09 11:56:26.041,-0.0781573,-0.129978,-0.131803
1818790,2025-03-09 11:56:26.046,-0.109659,-0.113647,-0.103191
1818791,2025-03-09 11:56:26.051,-0.111878,-0.118726,-0.0749459
1818792,2025-03-09 11:56:26.056,-0.0933518,-0.10948,-0.0327654
1818793,2025-03-09 11:56:26.061,-0.0636016,-0.106345,0.0198159
1818794,2025-03-09 11:56:26.066,-0.0142179,-0.105742,0.094625
1818795,2025-03-09 11:56:26.071,0.0250358,-0.106677,0.188127
1818796,2025-03-09 11:56:26.077,0.0509606,-0.0984454,0.274057
1818797,2025-03-09 11:56:26.081,0.0745855,-0.0978823,0.338381
1818798,2025-03-09 11:56:26.086,0.0605589,-0.0977483,0.369372
1818799,2025-03-09 11:56:26.091,0.0460719,-0.105062,0.379083
1818800,2025-03-09 11:56:26.095,0.016793,-0.110113,0.348547
1818801,2025-03-09 11:56:26.1,-0.00583702,-0.104614,0.304218
1818802,2025-03-09 11:56:26.105,-0.0208434,-0.0848541,0.243594
1818803,2025-03-09 11:56:26.11,-0.022333,-0.052146,0.160888
1818804,2025-03-09 11:56:26.115,0.00254351,-0.0278497,0.0965261
1818805,2025-03-09 11:56:26.12,0.00257006,-0.0107207,0.0539331
1818806,2025-03-09 11:56:26.125,0.0230067,0.023015,0.0293884
1818807,2025-03-09 11:56:26.13,0.0542642,0.0625348,-0.00693083
1818808,2025-03-09 11:56:26.134,0.0913631,0.0911899,-0.0395188
1818809,2025-03-09 11:56:26.139,0.110489,0.111458,-0.045867
1818810,2025-03-09 11:56:26.144,0.10463,0.131697,-0.0522914
1818811,2025-03-09 11:56:26.149,0.0656552,0.140124,-0.0197034
1818812,2025-03-09 11:56:26.154,0.0199397,0.14382,0.00422382
1818813,2025-03-09 11:56:26.16,-0.050262,0.132075,0.0314941
1818814,2025-03-09 11:56:26.164,-0.0841453,0.0978379,0.0312781
1818815,2025-03-09 11:56:26.17,-0.111742,0.0685706,0.0643687
1818816,2025-03-09 11:56:26.175,-0.124855,0.0466366,0.0592299
1818817,2025-03-09 11:56:26.179,-0.108229,0.00351715,0.042264
1818818,2025-03-09 11:56:26.183,-0.0930166,-0.00949287,0.00993204
1818819,2025-03-09 11:56:26.188,-0.0899744,-0.00575638,-0.0233455
1818820,2025-03-09 11:56:26.193,-0.0800837,0.000432491,-0.0339098
1818821,2025-03-09 11:56:26.198,-0.0454616,0.00298262,-0.0681105
1818822,2025-03-09 11:56:26.203,-0.0244059,0.018589,-0.0842514
1818823,2025-03-09 11:56:26.208,0.00213477,-0.00630617,-0.0907669
1818824,2025-03-09 11:56:26.213,0.0199634,0.00689077,-0.066277
1818825,2025-03-09 11:56:26.218,0.0469482,0.000850677,-0.045434
1818826,2025-03-09 11:56:26.223,0.0498272,-0.0160933,-0.0446925
1818827,2025-03-09 11:56:26.227,0.0524053,-0.015244,-0.0248318
1818828,2025-03-09 11:56:26.232,0.0499169,-0.016942,-0.0204272
1818829,2025-03-09 11:56:26.237,0.0590652,-0.0129418,-0.00989676
1818830,2025-03-09 11:56:26.242,0.0739139,-0.00914192,-0.0123591
1818831,2025-03-09 11:56:26.247,0.0648009,-0.0186286,-0.0264878
1818832,2025-03-09 11:56:26.252,0.0709863,-0.0173979,-0.0499635
1818833,2025-03-09 11:56:26.257,0.0697764,-0.029212,-0.0709043
1818834,2025-03-09 11:56:26.262,0.0755398,-0.0242643,-0.0703554
1818835,2025-03-09 11:56:26.267,0.0906644,-0.0132675,-0.0782766
1818836,2025-03-09 11:56:26.272,0.126994,-0.0103674,-0.0971117
1818837,2025-03-09 11:56:26.276,0.15481,-0.00357771,-0.11019
1818838,2025-03-09 11:56:26.281,0.151825,5.62668e-05,-0.105783
1818839,2025-03-09 11:56:26.286,0.152829,0.000599861,-0.112557
1818840,2025-03-09 11:56:26.291,0.175669,0.00391817,-0.0875878
1818841,2025-03-09 11:56:26.296,0.17033,-0.00544262,-0.0560675
1818842,2025-03-09 11:56:26.301,0.176486,-0.0440612,-0.0262837
1818843,2025-03-09 11:56:26.306,0.195314,-0.0975695,0.00784063
1818844,2025-03-09 11:56:26.312,0.218549,-0.15641,0.0344672
1818845,2025-03-09 11:56:26.316,0.240386,-0.209908,0.0335426
1818846,2025-03-09 11:56:26.321,0.258456,-0.239263,0.0113764
1818847,2025-03-09 11:56:26.325,0.261957,-0.26263,-0.0281582
1818848,2025-03-09 11:56:26.33,0.226969,-0.256314,-0.0956211
1818849,2025-03-09 11:56:26.335,0.16528,-0.236005,-0.196727
1818850,2025-03-09 11:56:26.34,0.0849273,-0.200504,-0.309985
1818851,2025-03-09 11:56:26.345,-0.0132539,-0.121486,-0.396116
1818852,2025-03-09 11:56:26.35,-0.06511,-0.0134101,-0.4828
1818853,2025-03-09 11:56:26.355,-0.1163,0.0901198,-0.550931
1818854,2025-03-09 11:56:26.36,-0.18025,0.167921,-0.603208
1818855,2025-03-09 11:56:26.365,-0.222299,0.234628,-0.630431
1818856,2025-03-09 11:56:26.369,-0.246249,0.2713,-0.647018
1818857,2025-03-09 11:56:26.374,-0.291386,0.311627,-0.674621
1818858,2025-03-09 11:56:26.379,-0.361129,0.361519,-0.652615
1818859,2025-03-09 11:56:26.384,-0.414794,0.393594,-0.569535
1818860,2025-03-09 11:56:26.39,-0.444284,0.38426,-0.459136
1818861,2025-03-09 11:56:26.395,-0.406709,0.349212,-0.301358
1818862,2025-03-09 11:56:26.399,-0.341481,0.281472,-0.108376
1818863,2025-03-09 11:56:26.404,-0.311653,0.227384,0.106684
1818864,2025-03-09 11:56:26.409,-0.27385,0.152156,0.360529
1818865,2025-03-09 11:56:26.414,-0.247998,0.0949817,0.574661
1818866,2025-03-09 11:56:26.418,-0.19935,0.0340996,0.743724
1818867,2025-03-09 11:56:26.423,-0.1314,-0.0270362,0.857558
1818868,2025-03-09 11:56:26.428,-0.0691849,-0.10524,0.950054
1818869,2025-03-09 11:56:26.433,-0.0154179,-0.145832,1.01549
1818870,2025-03-09 11:56:26.438,0.0238103,-0.169407,1.02804
1818871,2025-03-09 11:56:26.443,0.0496863,-0.164194,1.00118
1818872,2025-03-09 11:56:26.448,0.0956012,-0.147031,0.924508
1818873,2025-03-09 11:56:26.453,0.174453,-0.123861,0.833981
1818874,2025-03-09 11:56:26.458,0.230186,-0.104251,0.72261
1818875,2025-03-09 11:56:26.462,0.297484,-0.0760846,0.60224
1818876,2025-03-09 11:56:26.467,0.350171,-0.0485601,0.458352
1818877,2025-03-09 11:56:26.472,0.375278,-0.0308299,0.289633
1818878,2025-03-09 11:56:26.477,0.356528,-0.00462341,0.0947404
1818879,2025-03-09 11:56:26.482,0.3477,0.0197434,-0.0944762
1818880,2025-03-09 11:56:26.487,0.30239,0.0437222,-0.277121
1818881,2025-03-09 11:56:26.492,0.223376,0.0557184,-0.416709
1818882,2025-03-09 11:56:26.497,0.154921,0.0403953,-0.500538
1818883,2025-03-09 11:56:26.502,0.0576652,-0.000806332,-0.516049
1818884,2025-03-09 11:56:26.507,-0.0325368,-0.0368772,-0.487486
1818885,2025-03-09 11:56:26.511,-0.0943618,-0.0976963,-0.428122
1818886,2025-03-09 11:56:26.516,-0.0887546,-0.158459,-0.318892
1818887,2025-03-09 11:56:26.521,-0.0827748,-0.226597,-0.212144
1818888,2025-03-09 11:56:26.526,-0.0789121,-0.316528,-0.0791483
1818889,2025-03-09 11:56:26.531,-0.0989043,-0.353566,0.0575719
1818890,2025-03-09 11:56:26.536,-0.102506,-0.37758,0.193461
1818891,2025-03-09 11:56:26.541,-0.121989,-0.393557,0.29422
1818892,2025-03-09 11:56:26.546,-0.122952,-0.392363,0.375849
1818893,2025-03-09 11:56:26.551,-0.111354,-0.375469,0.42321
1818894,2025-03-09 11:56:26.556,-0.0753396,-0.349029,0.440242
1818895,2025-03-09 11:56:26.56,-0.0101708,-0.304907,0.458161
1818896,2025-03-09 11:56:26.565,0.0414421,-0.250247,0.406819
1818897,2025-03-09 11:56:26.57,0.0665209,-0.190834,0.278254
1818898,2025-03-09 11:56:26.575,0.062954,-0.137064,0.0775485
1818899,2025-03-09 11:56:26.58,0.0652249,-0.0802269,-0.115511
1818900,2025-03-09 11:56:26.585,0.0148879,-0.0128379,-0.315617
1818901,2025-03-09 11:56:26.59,-0.0342688,0.0250525,-0.49342
1818902,2025-03-09 11:56:26.595,-0.0869812,0.083755,-0.649306
1818903,2025-03-09 11:56:26.6,-0.107507,0.134748,-0.728985
1818904,2025-03-09 11:56:26.604,-0.119573,0.191178,-0.768711
1818905,2025-03-09 11:56:26.609,-0.110045,0.210197,-0.727198
1818906,2025-03-09 11:56:26.614,-0.099064,0.214612,-0.671528
1818907,2025-03-09 11:56:26.619,-0.0852968,0.206686,-0.557664
1818908,2025-03-09 11:56:26.624,-0.0879347,0.162549,-0.428613
1818909,2025-03-09 11:56:26.629,-0.0938293,0.129731,-0.292566
1818910,2025-03-09 11:56:26.634,-0.086491,0.0805683,-0.136276
1818911,2025-03-09 11:56:26.639,-0.0681967,0.0482826,-0.0428467
1818912,2025-03-09 11:56:26.644,-0.0664613,0.0160122,0.0346332
1818913,2025-03-09 11:56:26.649,-0.119495,-0.0128007,0.0750194
1818914,2025-03-09 11:56:26.653,-0.197507,-0.0193257,0.111967
1818915,2025-03-09 11:56:26.658,-0.260188,-0.0490675,0.146875
1818916,2025-03-09 11:56:26.663,-0.278147,-0.0673957,0.164308
1818917,2025-03-09 11:56:26.668,-0.262485,-0.0778899,0.142966
1818918,2025-03-09 11:56:26.673,-0.160823,-0.0793781,0.13538
1818919,2025-03-09 11:56:26.678,0.01114,-0.0588231,0.137852
1818920,2025-03-09 11:56:26.683,0.133314,-0.051713,0.0894852
1818921,2025-03-09 11:56:26.688,0.221557,-0.0375929,0.0237889
1818922,2025-03-09 11:56:26.693,0.241482,0.00379419,-0.0248132
1818923,2025-03-09 11:56:26.697,0.235061,0.0461903,-0.0304356
1818924,2025-03-09 11:56:26.702,0.214307,0.0587635,-0.0207834
1818925,2025-03-09 11:56:26.707,0.228185,0.0477295,-0.0244932
1818926,2025-03-09 11:56:26.712,0.256265,0.00271606,-0.0463099
1818927,2025-03-09 11:56:26.717,0.273713,-0.0354629,-0.0624924
1818928,2025-03-09 11:56:26.722,0.266407,-0.058476,-0.0612893
1818929,2025-03-09 11:56:26.727,0.257081,-0.0795875,-0.0249653
1818930,2025-03-09 11:56:26.732,0.246858,-0.0940299,0.0378404
1818931,2025-03-09 11:56:26.737,0.2372,-0.127975,0.100808
1818932,2025-03-09 11:56:26.742,0.234374,-0.143273,0.143772
1818933,2025-03-09 11:56:26.746,0.233956,-0.146149,0.231153
1818934,2025-03-09 11:56:26.751,0.205416,-0.165259,0.280751
1818935,2025-03-09 11:56:26.756,0.179811,-0.166237,0.363101
1818936,2025-03-09 11:56:26.762,0.172487,-0.170868,0.460376
1818937,2025-03-09 11:56:26.766,0.114586,-0.146033,0.509688
1818938,2025-03-09 11:56:26.771,0.0814307,-0.138419,0.540072
1818939,2025-03-09 11:56:26.777,0.0415336,-0.175347,0.53164
1818940,2025-03-09 11:56:26.781,-0.0294989,-0.197219,0.468176
1818941,2025-03-09 11:56:26.786,-0.152456,-0.197096,0.372701
1818942,2025-03-09 11:56:26.791,-0.274111,-0.170364,0.273882
1818943,2025-03-09 11:56:26.795,-0.3831,-0.154155,0.146892
1818944,2025-03-09 11:56:26.8,-0.452983,-0.114963,0.00480223
1818945,2025-03-09 11:56:26.805,-0.482345,-0.0836773,-0.119225
1818946,2025-03-09 11:56:26.81,-0.483535,-0.0113473,-0.226743
1818947,2025-03-09 11:56:26.815,-0.443447,0.0686693,-0.278908
1818948,2025-03-09 11:56:26.82,-0.336858,0.145639,-0.331947
1818949,2025-03-09 11:56:26.825,-0.193304,0.201893,-0.347924
1818950,2025-03-09 11:56:26.831,-0.0313205,0.242449,-0.327188
1818951,2025-03-09 11:56:26.835,0.121404,0.268816,-0.30934
1818952,2025-03-09 11:56:26.84,0.199068,0.270533,-0.268298
1818953,2025-03-09 11:56:26.845,0.21433,0.248048,-0.218725
1818954,2025-03-09 11:56:26.849,0.173781,0.187223,-0.158221
1818955,2025-03-09 11:56:26.854,0.113402,0.142972,-0.0904369
1818956,2025-03-09 11:56:26.859,0.0772834,0.1246,-0.0723639
1818957,2025-03-09 11:56:26.864,0.0435722,0.0877733,-0.0725522
1818958,2025-03-09 11:56:26.869,-0.00707641,0.049118,-0.0135751
1818959,2025-03-09 11:56:26.874,-0.0486499,0.0416942,0.054389
1818960,2025-03-09 11:56:26.879,-0.0873337,0.0353794,0.131428
1818961,2025-03-09 11:56:26.884,-0.0888182,0.0478659,0.192629
1818962,2025-03-09 11:56:26.888,-0.0594393,0.0989823,0.228805
1818963,2025-03-09 11:56:26.893,-0.0506263,0.127689,0.275933
1818964,2025-03-09 11:56:26.898,-0.04581,0.14591,0.318599
1818965,2025-03-09 11:56:26.903,0.0166818,0.161978,0.361643
1818966,2025-03-09 11:56:26.908,0.109156,0.172342,0.390827
1818967,2025-03-09 11:56:26.913,0.168708,0.178265,0.377767
1818968,2025-03-09 11:56:26.918,0.175373,0.181019,0.329889
1818969,2025-03-09 11:56:26.923,0.15335,0.214067,0.28054
1818970,2025-03-09 11:56:26.928,0.111244,0.246598,0.224698
1818971,2025-03-09 11:56:26.932,0.0958672,0.294231,0.16821
1818972,2025-03-09 11:56:26.938,0.116831,0.267939,0.139464
1818973,2025-03-09 11:56:26.942,0.130201,0.193269,0.0919509
1818974,2025-03-09 11:56:26.947,0.168366,0.10131,0.0924835
1818975,2025-03-09 11:56:26.952,0.193246,0.01125,0.0753336
1818976,2025-03-09 11:56:26.957,0.222732,-0.080399,0.0417514
1818977,2025-03-09 11:56:26.962,0.210159,-0.137895,-0.0545492
1818978,2025-03-09 11:56:26.967,0.101656,-0.141233,-0.176394
1818979,2025-03-09 11:56:26.972,-0.0576812,-0.122781,-0.234718
1818980,2025-03-09 11:56:26.977,-0.184901,-0.113606,-0.270423
1818981,2025-03-09 11:56:26.981,-0.27663,-0.0864515,-0.264588
1818982,2025-03-09 11:56:26.986,-0.286609,-0.088943,-0.232984
1818983,2025-03-09 11:56:26.991,-0.270011,-0.105599,-0.191064
1818984,2025-03-09 11:56:26.996,-0.302945,-0.120967,-0.191051
1818985,2025-03-09 11:56:27.001,-0.315914,-0.139826,-0.144719
1818986,2025-03-09 11:56:27.006,-0.29512,-0.139728,-0.0843949
1818987,2025-03-09 11:56:27.011,-0.245748,-0.150469,-0.0126171
1818988,2025-03-09 11:56:27.016,-0.17031,-0.175654,0.0302925
1818989,2025-03-09 11:56:27.021,-0.107711,-0.190214,0.0339031
1818990,2025-03-09 11:56:27.026,-0.0124783,-0.189416,0.0317287
1818991,2025-03-09 11:56:27.03,0.0749726,-0.150856,0.034534
1818992,2025-03-09 11:56:27.035,0.122933,-0.117273,0.0265751
1818993,2025-03-09 11:56:27.04,0.133148,-0.0753784,-0.00647068
1818994,2025-03-09 11:56:27.045,0.118895,-0.00836182,-0.0765185
1818995,2025-03-09 11:56:27.051,0.0515479,0.0895472,-0.116845
1818996,2025-03-09 11:56:27.055,-0.0267584,0.150514,-0.212055
1818997,2025-03-09 11:56:27.06,-0.0710862,0.179604,-0.311858
1818998,2025-03-09 11:56:27.065,-0.131049,0.168736,-0.444715
1818999,2025-03-09 11:56:27.07,-0.195393,0.136095,-0.515469
1819000,2025-03-09 11:56:27.074,-0.230222,0.134039,-0.489011
1819001,2025-03-09 11:56:27.079,-0.191512,0.140741,-0.407479
1819002,2025-03-09 11:56:27.084,-0.0767004,0.126424,-0.337732
1819003,2025-03-09 11:56:27.089,0.0844421,0.105217,-0.291232
1819004,2025-03-09 11:56:27.094,0.196804,0.0793514,-0.19873
1819005,2025-03-09 11:56:27.099,0.271657,0.0450397,-0.0698433
1819006,2025-03-09 11:56:27.104,0.304868,0.0342565,0.0584793
1819007,2025-03-09 11:56:27.109,0.355475,0.0549636,0.204217
1819008,2025-03-09 11:56:27.115,0.408603,0.116137,0.436354
1819009,2025-03-09 11:56:27.119,0.451724,0.111763,0.624827
1819010,2025-03-09 11:56:27.123,0.433877,0.0435648,0.648924
1819011,2025-03-09 11:56:27.128,0.33441,-0.042738,0.5455
1819012,2025-03-09 11:56:27.133,0.201282,-0.104231,0.421168
1819013,2025-03-09 11:56:27.138,0.0580684,-0.200688,0.295209
1819014,2025-03-09 11:56:27.143,-0.0296607,-0.332932,0.109356
1819015,2025-03-09 11:56:27.148,-0.017267,-0.345905,-0.0983186
1819016,2025-03-09 11:56:27.153,0.0036152,-0.250816,-0.415882
1819017,2025-03-09 11:56:27.158,0.0321329,-0.231951,-0.758682
1819018,2025-03-09 11:56:27.163,-0.195276,0.0170074,-0.983438
1819019,2025-03-09 11:56:27.167,-0.497554,0.343824,-1.07613
