id,timestamp,x,y,z
869969,2025-02-03 19:30:48.743,0.0517737,0.0474751,0.195767
869968,2025-02-03 19:30:48.744,0.0517737,0.0474751,0.195767
869970,2025-02-03 19:30:48.748,0.00256599,0.0292518,0.189029
869971,2025-02-03 19:30:48.748,0.00256599,0.0292518,0.189029
869972,2025-02-03 19:30:48.753,-0.0486412,0.0253131,0.181193
869973,2025-02-03 19:30:48.754,-0.0486412,0.0253131,0.181193
869974,2025-02-03 19:30:48.757,-0.0983977,0.0210445,0.187786
869975,2025-02-03 19:30:48.762,-0.124302,0.0200927,0.176601
869976,2025-02-03 19:30:48.762,-0.124302,0.0200927,0.176601
869977,2025-02-03 19:30:48.768,-0.161057,0.00586605,0.175074
869978,2025-02-03 19:30:48.772,-0.163367,-0.00991678,0.174899
869979,2025-02-03 19:30:48.777,-0.133801,-0.00225568,0.171302
869980,2025-02-03 19:30:48.777,-0.133801,-0.00225568,0.171302
869981,2025-02-03 19:30:48.781,-0.109504,-0.00438261,0.161866
869982,2025-02-03 19:30:48.787,-0.0913929,-0.0138364,0.140711
869984,2025-02-03 19:30:48.79,-0.0591701,-0.00806952,0.110332
869983,2025-02-03 19:30:48.791,-0.0913929,-0.0138364,0.140711
869986,2025-02-03 19:30:48.795,-0.0236548,-0.00118876,0.0588446
869985,2025-02-03 19:30:48.796,-0.0236548,-0.00118876,0.0588446
869987,2025-02-03 19:30:48.804,0.0225916,0.0137088,-0.0333719
869988,2025-02-03 19:30:48.804,0.0225916,0.0137088,-0.0333719
869989,2025-02-03 19:30:48.809,0.043078,0.0243471,-0.0849733
869990,2025-02-03 19:30:48.815,0.0622653,0.0400481,-0.125591
869991,2025-02-03 19:30:48.815,0.0622653,0.0400481,-0.125591
869992,2025-02-03 19:30:48.819,0.0658233,0.0298495,-0.145806
869993,2025-02-03 19:30:48.824,0.0729992,0.0189373,-0.157668
869994,2025-02-03 19:30:48.824,0.0729992,0.0189373,-0.157668
869995,2025-02-03 19:30:48.829,0.0742934,-0.00338101,-0.15412
869996,2025-02-03 19:30:48.833,0.0795079,0.00327897,-0.130514
869997,2025-02-03 19:30:48.837,0.0795079,-0.00652742,-0.0976648
869998,2025-02-03 19:30:48.837,0.056586,-0.00652742,-0.0976648
869999,2025-02-03 19:30:48.842,0.0439172,-0.00667024,-0.0627337
870000,2025-02-03 19:30:48.847,0.032975,-0.0115724,-0.0363884
870001,2025-02-03 19:30:48.847,0.032975,-0.0115724,-0.0363884
870002,2025-02-03 19:30:48.852,-0.00244887,-0.00686955,-0.0257072
870003,2025-02-03 19:30:48.856,-0.0351526,-0.0258925,-0.0270052
870005,2025-02-03 19:30:48.861,-0.0549739,-0.0386848,-0.0307198
870004,2025-02-03 19:30:48.862,-0.0549739,-0.0386848,-0.0307198
870006,2025-02-03 19:30:48.867,-0.0973983,-0.0324759,-0.0331888
870007,2025-02-03 19:30:48.87,-0.119882,-0.0382354,-0.00477123
870008,2025-02-03 19:30:48.871,-0.119882,-0.0382354,-0.00477123
870009,2025-02-03 19:30:48.875,-0.135447,-0.0227482,0.035327
870010,2025-02-03 19:30:48.881,-0.126141,-0.0409341,0.0870581
870011,2025-02-03 19:30:48.885,-0.114701,-0.0461073,0.126548
870012,2025-02-03 19:30:48.885,-0.114701,-0.0461073,0.126548
870013,2025-02-03 19:30:48.889,-0.0996129,-0.0636432,0.144523
870014,2025-02-03 19:30:48.894,-0.0867997,-0.0469406,0.149404
870015,2025-02-03 19:30:48.899,-0.0883013,-0.0462351,0.124706
870016,2025-02-03 19:30:48.9,-0.0883013,-0.0462351,0.124706
870017,2025-02-03 19:30:48.903,-0.0721751,-0.0266159,0.103796
870019,2025-02-03 19:30:48.909,-0.0788559,-0.0142853,0.0474463
870018,2025-02-03 19:30:48.909,-0.0788559,-0.0142853,0.0474463
870020,2025-02-03 19:30:48.913,-0.0655384,-0.0149937,-0.00373173
870022,2025-02-03 19:30:48.919,-0.0475374,0.00812697,-0.0568829
870021,2025-02-03 19:30:48.919,-0.0475374,0.00812697,-0.0568829
870023,2025-02-03 19:30:48.922,-0.0143558,0.0158858,-0.0894995
870024,2025-02-03 19:30:48.928,0.0280639,0.0214548,-0.117177
870026,2025-02-03 19:30:48.932,0.0357905,0.0296857,-0.132858
870025,2025-02-03 19:30:48.933,0.0357905,0.0296857,-0.132858
870027,2025-02-03 19:30:48.936,0.0637557,0.0381396,-0.118829
870029,2025-02-03 19:30:48.941,0.0655765,0.0205228,-0.0930767
870028,2025-02-03 19:30:48.942,0.0655765,0.0205228,-0.0930767
870030,2025-02-03 19:30:48.946,0.0687328,0.0163746,-0.0474424
870031,2025-02-03 19:30:48.95,0.0567363,0.00632906,0.00494003
870032,2025-02-03 19:30:48.955,0.0391781,-0.00368667,0.0367298
870033,2025-02-03 19:30:48.955,0.0391781,-0.00368667,0.0367298
870034,2025-02-03 19:30:48.96,0.0362537,-0.00648379,0.045702
870035,2025-02-03 19:30:48.961,0.0362537,-0.00648379,0.045702
870036,2025-02-03 19:30:48.965,0.0190859,-0.0224123,0.0510683
870037,2025-02-03 19:30:48.97,-0.000494927,-0.0297771,0.0480375
870038,2025-02-03 19:30:48.975,-0.0282628,-0.0181727,0.0593052
870039,2025-02-03 19:30:48.975,-0.0282628,-0.0181727,0.0593052
870040,2025-02-03 19:30:48.979,-0.0487488,-0.000938416,0.0551128
870042,2025-02-03 19:30:48.983,-0.0739848,-0.0121787,0.0817623
870041,2025-02-03 19:30:48.984,-0.0739848,-0.0121787,0.0817623
870043,2025-02-03 19:30:48.989,-0.0611327,-0.00690198,0.0690784
870044,2025-02-03 19:30:48.993,-0.0223539,-0.000580072,0.0648413
870045,2025-02-03 19:30:48.998,0.0029117,-0.0170164,0.0820522
870046,2025-02-03 19:30:48.998,0.0029117,-0.0170164,0.0820522
870047,2025-02-03 19:30:49.002,0.00994624,0.00327563,0.107493
870048,2025-02-03 19:30:49.007,0.00518405,0.0256355,0.123273
870049,2025-02-03 19:30:49.012,0.00532451,0.0285945,0.115255
870050,2025-02-03 19:30:49.016,0.0245483,0.0348575,0.0955114
870051,2025-02-03 19:30:49.016,0.0245483,0.0348575,0.0955114
870052,2025-02-03 19:30:49.021,0.0519989,0.0337546,0.0676861
870053,2025-02-03 19:30:49.026,0.0720341,0.0195899,0.0317879
870054,2025-02-03 19:30:49.027,0.0720341,0.0195899,0.0317879
870056,2025-02-03 19:30:49.031,0.0740314,0.0150981,-0.00620651
870055,2025-02-03 19:30:49.032,0.0740314,0.0150981,-0.00620651
870057,2025-02-03 19:30:49.036,0.068697,0.0248904,-0.0355797
870058,2025-02-03 19:30:49.041,0.0585805,0.045397,-0.0611858
870059,2025-02-03 19:30:49.046,0.0485341,0.0361128,-0.0782881
870060,2025-02-03 19:30:49.05,0.0576965,0.0376744,-0.0976467
870061,2025-02-03 19:30:49.05,0.0576965,0.0376744,-0.0976467
870062,2025-02-03 19:30:49.054,0.0515146,0.0393491,-0.119255
870063,2025-02-03 19:30:49.059,0.0561131,0.0317209,-0.125319
870065,2025-02-03 19:30:49.064,0.0702703,0.00779843,-0.130228
870064,2025-02-03 19:30:49.065,0.0702703,0.00779843,-0.130228
870066,2025-02-03 19:30:49.068,0.0356755,0.00806546,-0.123306
870067,2025-02-03 19:30:49.073,0.0298818,0.0133114,-0.129576
870069,2025-02-03 19:30:49.078,0.0146713,0.00798178,-0.115663
870068,2025-02-03 19:30:49.079,0.0146713,0.00798178,-0.115663
870070,2025-02-03 19:30:49.082,0.0279541,-0.0125711,-0.10667
870071,2025-02-03 19:30:49.087,0.0244154,-0.00559402,-0.0799665
870072,2025-02-03 19:30:49.092,0.0241846,-0.00567555,-0.0416622
870073,2025-02-03 19:30:49.097,0.0249779,0.00370073,0.00701523
870074,2025-02-03 19:30:49.097,0.0249779,0.00370073,0.00701523
870075,2025-02-03 19:30:49.101,0.0209343,0.00822234,0.0469856
870076,2025-02-03 19:30:49.106,0.0157967,-0.00656056,0.109268
870078,2025-02-03 19:30:49.112,0.00726412,-0.00491738,0.133154
870077,2025-02-03 19:30:49.112,0.00726412,-0.00491738,0.133154
870079,2025-02-03 19:30:49.115,0.00490254,-0.0225141,0.1403
870080,2025-02-03 19:30:49.121,0.00844638,-0.00825882,0.138001
870082,2025-02-03 19:30:49.125,0.00828148,-0.0191224,0.126248
870081,2025-02-03 19:30:49.126,0.00828148,-0.0191224,0.126248
870083,2025-02-03 19:30:49.129,0.00797653,0.00920749,0.100367
870085,2025-02-03 19:30:49.134,0.00511327,0.00277805,0.0842247
870084,2025-02-03 19:30:49.134,0.00511327,0.00277805,0.0842247
870086,2025-02-03 19:30:49.139,0.0236642,0.0046556,0.0729866
870087,2025-02-03 19:30:49.144,0.0576245,0.0148568,0.0630198
870088,2025-02-03 19:30:49.145,0.0576245,0.0148568,0.0630198
870089,2025-02-03 19:30:49.148,0.0831107,0.0273764,0.0578794
870090,2025-02-03 19:30:49.153,0.112242,0.0397675,0.0492353
870091,2025-02-03 19:30:49.158,0.108102,0.0580351,0.0275946
870092,2025-02-03 19:30:49.162,0.112498,0.0655646,0.00729465
870093,2025-02-03 19:30:49.162,0.112498,0.0655646,0.00729465
870094,2025-02-03 19:30:49.168,0.115798,0.0671113,-0.0128384
870095,2025-02-03 19:30:49.172,0.11448,0.0616097,-0.0316429
870096,2025-02-03 19:30:49.177,0.0906199,0.0539176,-0.0550833
870097,2025-02-03 19:30:49.182,0.0870825,0.0535252,-0.0380058
870098,2025-02-03 19:30:49.186,0.0573862,0.0388913,-0.0460024
870099,2025-02-03 19:30:49.191,0.0372462,0.0386376,-0.0586882
870100,2025-02-03 19:30:49.191,0.0372462,0.0386376,-0.0586882
870101,2025-02-03 19:30:49.195,0.0205112,0.0323672,-0.0688734
870102,2025-02-03 19:30:49.201,0.0143207,0.0154369,-0.0433598
870104,2025-02-03 19:30:49.205,0.00562021,0.0164125,-0.052475
870103,2025-02-03 19:30:49.206,0.00562021,0.0164125,-0.052475
870105,2025-02-03 19:30:49.21,0.0134337,0.00891733,-0.0175457
870106,2025-02-03 19:30:49.215,0.0212366,0.00263095,-0.00188541
870107,2025-02-03 19:30:49.22,0.0212366,0.00263095,-0.00188541
870108,2025-02-03 19:30:49.22,0.0325769,0.00701332,-0.0017643
870109,2025-02-03 19:30:49.224,0.0286644,-0.00292516,0.00549793
870111,2025-02-03 19:30:49.228,0.0556211,0.00633574,-0.0241423
870110,2025-02-03 19:30:49.228,0.0286644,-0.00292516,-0.0241423
870113,2025-02-03 19:30:49.233,0.0622228,0.00721169,-0.0357275
870112,2025-02-03 19:30:49.234,0.0622228,0.00721169,-0.0357275
870114,2025-02-03 19:30:49.239,0.0806991,-0.00363684,-0.0437059
870115,2025-02-03 19:30:49.243,0.105052,0.00116634,-0.0362253
870116,2025-02-03 19:30:49.247,0.0950629,-0.0129764,-0.0490093
870118,2025-02-03 19:30:49.252,0.103146,-0.0185094,-0.041563
870117,2025-02-03 19:30:49.252,0.103146,-0.0185094,-0.041563
870119,2025-02-03 19:30:49.258,0.0959697,-0.00374198,-0.0163908
870120,2025-02-03 19:30:49.261,0.0629758,-0.011611,0.00143909
870121,2025-02-03 19:30:49.262,0.0629758,-0.011611,0.00143909
870122,2025-02-03 19:30:49.267,0.0247093,-0.0100269,0.00729752
870123,2025-02-03 19:30:49.271,-0.0248065,-0.0287073,-0.0117931
870124,2025-02-03 19:30:49.272,-0.0248065,-0.0287073,-0.0117931
870125,2025-02-03 19:30:49.275,-0.0702517,-0.0354633,-0.0449324
870126,2025-02-03 19:30:49.281,-0.119038,-0.0458257,-0.062335
870128,2025-02-03 19:30:49.285,-0.138182,-0.0466821,-0.105692
870127,2025-02-03 19:30:49.286,-0.119038,-0.0466821,-0.105692
870129,2025-02-03 19:30:49.291,-0.136347,-0.0343835,-0.161786
870130,2025-02-03 19:30:49.294,-0.121034,-0.0291672,-0.185428
870131,2025-02-03 19:30:49.294,-0.121034,-0.0291672,-0.185428
870132,2025-02-03 19:30:49.3,-0.106493,-0.00373411,-0.210101
870133,2025-02-03 19:30:49.305,-0.053561,0.0241647,-0.213318
870134,2025-02-03 19:30:49.305,-0.053561,0.0241647,-0.213318
870135,2025-02-03 19:30:49.308,0.0173419,0.0401144,-0.169087
870136,2025-02-03 19:30:49.314,0.0777734,0.0621331,-0.114638
870138,2025-02-03 19:30:49.318,0.116459,0.0792584,-0.0654001
870137,2025-02-03 19:30:49.319,0.116459,0.0792584,-0.0654001
870140,2025-02-03 19:30:49.323,0.146881,0.086755,-0.0201292
870139,2025-02-03 19:30:49.323,0.146881,0.086755,-0.0201292
870141,2025-02-03 19:30:49.328,0.181069,0.0752304,0.0330744
870142,2025-02-03 19:30:49.332,0.189207,0.0424416,0.0810928
870143,2025-02-03 19:30:49.337,0.182285,0.0456412,0.123939
870144,2025-02-03 19:30:49.337,0.182285,0.0456412,0.123939
870145,2025-02-03 19:30:49.341,0.148466,0.0416782,0.164065
870146,2025-02-03 19:30:49.342,0.148466,0.0416782,0.164065
870147,2025-02-03 19:30:49.342,0.148466,0.0416782,0.164065
870148,2025-02-03 19:30:49.347,0.0881089,0.0161741,0.211059
870149,2025-02-03 19:30:49.356,-0.018602,-0.0266502,0.247203
870150,2025-02-03 19:30:49.357,-0.018602,-0.0266502,0.247203
870151,2025-02-03 19:30:49.36,-0.0558699,-0.024971,0.239158
870153,2025-02-03 19:30:49.365,-0.108087,-0.044915,0.225328
870152,2025-02-03 19:30:49.366,-0.108087,-0.044915,0.225328
870154,2025-02-03 19:30:49.371,-0.125477,-0.0340459,0.179632
870155,2025-02-03 19:30:49.374,-0.144176,-0.0222404,0.143861
870156,2025-02-03 19:30:49.374,-0.144176,-0.0222404,0.143861
870157,2025-02-03 19:30:49.379,-0.134626,0.00124764,0.0882301
870158,2025-02-03 19:30:49.385,-0.11011,0.0160606,0.0331068
870159,2025-02-03 19:30:49.385,-0.11011,0.0160606,0.0331068
870160,2025-02-03 19:30:49.39,-0.0624139,0.0164483,-0.00136566
870161,2025-02-03 19:30:49.393,-0.0298864,0.0251174,-0.0296192
870162,2025-02-03 19:30:49.394,-0.0298864,0.0251174,-0.0296192
870163,2025-02-03 19:30:49.399,0.00442313,0.0478253,-0.050478
870165,2025-02-03 19:30:49.403,0.0416867,0.0501819,-0.0771122
870164,2025-02-03 19:30:49.403,0.0416867,0.0501819,-0.0771122
870166,2025-02-03 19:30:49.408,0.0653203,0.0609305,-0.0893183
870167,2025-02-03 19:30:49.412,0.0957859,0.0622103,-0.11096
870168,2025-02-03 19:30:49.413,0.0957859,0.0622103,-0.11096
870169,2025-02-03 19:30:49.417,0.133128,0.0684001,-0.105175
870170,2025-02-03 19:30:49.421,0.133729,0.0533123,-0.125591
870171,2025-02-03 19:30:49.426,0.133729,0.0493536,-0.135248
870172,2025-02-03 19:30:49.426,0.129983,0.0493536,-0.135248
870173,2025-02-03 19:30:49.431,0.0838482,0.0443814,-0.111627
870174,2025-02-03 19:30:49.431,0.0838482,0.0443814,-0.111627
870175,2025-02-03 19:30:49.436,0.0715089,0.0515158,-0.125062
870176,2025-02-03 19:30:49.44,0.0691069,0.025656,-0.111174
870177,2025-02-03 19:30:49.44,0.0691069,0.025656,-0.111174
870178,2025-02-03 19:30:49.445,0.0314048,0.0287616,-0.111726
870179,2025-02-03 19:30:49.45,0.00475568,0.0176919,-0.106368
870180,2025-02-03 19:30:49.45,0.00475568,0.0176919,-0.106368
870181,2025-02-03 19:30:49.455,-0.0217997,0.00926566,-0.0809364
870182,2025-02-03 19:30:49.46,-0.0352862,0.0117595,-0.0486517
870183,2025-02-03 19:30:49.464,-0.030996,0.00115943,-0.0190086
870184,2025-02-03 19:30:49.464,-0.030996,0.00115943,-0.0190086
870185,2025-02-03 19:30:49.47,-0.0517885,-0.00831699,0.0187435
870186,2025-02-03 19:30:49.473,-0.0499128,-0.00244856,0.0835371
870187,2025-02-03 19:30:49.473,-0.0499128,-0.00244856,0.0835371
870188,2025-02-03 19:30:49.478,-0.0683373,-0.011096,0.139552
870189,2025-02-03 19:30:49.484,-0.0795349,-0.0307992,0.188123
870190,2025-02-03 19:30:49.484,-0.0795349,-0.0307992,0.188123
870191,2025-02-03 19:30:49.488,-0.0927197,-0.0305598,0.236426
870193,2025-02-03 19:30:49.492,-0.0853531,-0.0271897,0.234619
870192,2025-02-03 19:30:49.493,-0.0853531,-0.0271897,0.234619
870194,2025-02-03 19:30:49.497,-0.105097,-0.0242102,0.205647
870195,2025-02-03 19:30:49.502,-0.10561,-0.0321357,0.152054
870196,2025-02-03 19:30:49.506,-0.090781,-0.0282497,0.0870762
870197,2025-02-03 19:30:49.507,-0.090781,-0.0282497,0.0870762
870198,2025-02-03 19:30:49.512,-0.0953979,-0.0161307,0.0107765
870199,2025-02-03 19:30:49.516,-0.0907262,-0.00742817,-0.0352983
870200,2025-02-03 19:30:49.52,-0.0553214,0.0132391,-0.0786705
870201,2025-02-03 19:30:49.52,-0.0553214,0.0132391,-0.0786705
870202,2025-02-03 19:30:49.525,-0.0319732,0.0266695,-0.114574
870203,2025-02-03 19:30:49.525,-0.0319732,0.0266695,-0.114574
870204,2025-02-03 19:30:49.53,-0.0147057,0.0414252,-0.140764
870205,2025-02-03 19:30:49.535,-0.00810649,0.0231543,-0.168028
870206,2025-02-03 19:30:49.539,0.0199271,0.024349,-0.16549
870207,2025-02-03 19:30:49.539,0.0199271,0.024349,-0.16549
870208,2025-02-03 19:30:49.544,0.0285597,0.0270808,-0.161909
870209,2025-02-03 19:30:49.545,0.0285597,0.0270808,-0.161909
870210,2025-02-03 19:30:49.549,0.0287411,0.0241055,-0.133513
870212,2025-02-03 19:30:49.553,0.00422505,0.0155652,-0.112584
870211,2025-02-03 19:30:49.554,0.00422505,0.0155652,-0.112584
870213,2025-02-03 19:30:49.558,-0.00917022,0.0142171,-0.0668955
870214,2025-02-03 19:30:49.563,-0.0198191,0.00465345,-0.0263567
870215,2025-02-03 19:30:49.568,-0.0197232,-0.0119405,0.00909328
870216,2025-02-03 19:30:49.568,-0.0197232,-0.0119405,0.00909328
870217,2025-02-03 19:30:49.573,-0.0447474,-0.0414851,0.039506
870218,2025-02-03 19:30:49.577,-0.081561,-0.0555902,0.0982285
870219,2025-02-03 19:30:49.582,-0.126463,-0.0472887,0.139927
870220,2025-02-03 19:30:49.583,-0.126463,-0.0472887,0.139927
870221,2025-02-03 19:30:49.586,-0.144977,-0.0441291,0.163578
870222,2025-02-03 19:30:49.587,-0.144977,-0.0441291,0.163578
870223,2025-02-03 19:30:49.591,-0.132535,-0.0592787,0.175314
870224,2025-02-03 19:30:49.596,-0.126268,-0.0663004,0.157372
870226,2025-02-03 19:30:49.601,-0.0988485,-0.0712659,0.153946
870225,2025-02-03 19:30:49.601,-0.0988485,-0.0712659,0.153946
870228,2025-02-03 19:30:49.605,-0.0824086,-0.0513625,0.119714
870227,2025-02-03 19:30:49.606,-0.0824086,-0.0513625,0.119714
870229,2025-02-03 19:30:49.61,-0.0446741,-0.0258286,0.0822544
870230,2025-02-03 19:30:49.616,-0.00724962,-0.00780773,0.0344801
870231,2025-02-03 19:30:49.62,0.0274192,0.00301337,-0.0283518
870232,2025-02-03 19:30:49.624,0.0581504,0.0151668,-0.0741215
870233,2025-02-03 19:30:49.624,0.0581504,0.0151668,-0.0741215
870234,2025-02-03 19:30:49.629,0.0850628,0.0381696,-0.126718
870235,2025-02-03 19:30:49.633,0.0850628,0.0381696,-0.146911
870237,2025-02-03 19:30:49.638,0.0984521,0.0762208,-0.170591
870236,2025-02-03 19:30:49.638,0.0984521,0.0762208,-0.170591
870239,2025-02-03 19:30:49.643,0.111233,0.0604355,-0.170435
870238,2025-02-03 19:30:49.644,0.111233,0.0604355,-0.170435
870240,2025-02-03 19:30:49.648,0.0812902,0.0652528,-0.152567
870241,2025-02-03 19:30:49.653,0.0492362,0.0441904,-0.132564
870242,2025-02-03 19:30:49.658,0.000753134,0.0423911,-0.106825
870243,2025-02-03 19:30:49.658,0.000753134,0.0423911,-0.106825
870244,2025-02-03 19:30:49.662,-0.0402804,0.0311873,-0.0658941
870245,2025-02-03 19:30:49.663,-0.0402804,0.0311873,-0.0658941
870246,2025-02-03 19:30:49.667,-0.0441072,0.034261,-0.0145998
870248,2025-02-03 19:30:49.671,-0.0504398,0.00985003,0.025631
870247,2025-02-03 19:30:49.672,-0.0504398,0.00985003,0.025631
870249,2025-02-03 19:30:49.677,-0.0497518,0.00445557,0.0430269
870250,2025-02-03 19:30:49.681,-0.0398963,0.000150204,0.0876179
870251,2025-02-03 19:30:49.685,-0.0505681,0.0133305,0.11058
870252,2025-02-03 19:30:49.685,-0.0505681,0.0133305,0.11058
870253,2025-02-03 19:30:49.69,-0.0446045,0.0213211,0.122775
870254,2025-02-03 19:30:49.695,-0.000900805,0.0361612,0.124245
870255,2025-02-03 19:30:49.696,-0.000900805,0.0361612,0.124245
870256,2025-02-03 19:30:49.699,0.0435792,0.0269353,0.118647
870257,2025-02-03 19:30:49.704,0.087646,0.0307391,0.096509
870258,2025-02-03 19:30:49.705,0.087646,0.0307391,0.096509
870259,2025-02-03 19:30:49.709,0.112475,0.0320604,0.0840807
870260,2025-02-03 19:30:49.714,0.131507,0.0392578,0.0646572
870261,2025-02-03 19:30:49.714,0.131507,0.0392578,0.0646572
870262,2025-02-03 19:30:49.718,0.126912,0.0441508,0.0406132
870264,2025-02-03 19:30:49.723,0.108398,0.0420208,0.0309772
870263,2025-02-03 19:30:49.723,0.108398,0.0420208,0.0309772
870266,2025-02-03 19:30:49.728,0.0974627,0.0613594,0.0154648
870265,2025-02-03 19:30:49.729,0.0974627,0.0613594,0.0154648
870267,2025-02-03 19:30:49.732,0.0881984,0.0498939,0.00239277
870268,2025-02-03 19:30:49.737,0.06636,0.0386887,-0.0165472
870269,2025-02-03 19:30:49.742,0.0592371,0.0479763,-0.0365829
870270,2025-02-03 19:30:49.742,0.0592371,0.0479763,-0.0365829
870271,2025-02-03 19:30:49.747,0.03103,0.0442779,-0.0541182
870272,2025-02-03 19:30:49.751,0.012551,0.0443337,-0.0751228
870273,2025-02-03 19:30:49.751,0.012551,0.0443337,-0.0751228
870274,2025-02-03 19:30:49.757,0.00372198,0.0289972,-0.0793457
870276,2025-02-03 19:30:49.761,-0.0183781,0.0126669,-0.0633831
870275,2025-02-03 19:30:49.762,-0.0183781,0.0126669,-0.0633831
870277,2025-02-03 19:30:49.766,-0.0369569,0.0153532,-0.0736361
870278,2025-02-03 19:30:49.77,-0.0389942,0.022599,-0.0873175
870279,2025-02-03 19:30:49.771,-0.0389942,0.022599,-0.0873175
870280,2025-02-03 19:30:49.776,-0.0224509,0.0153172,-0.0948887
870281,2025-02-03 19:30:49.779,-0.0328368,-0.00617862,-0.0952816
870282,2025-02-03 19:30:49.784,-0.0260793,-0.0144658,-0.10043
870283,2025-02-03 19:30:49.785,-0.0260793,-0.0144658,-0.10043
870285,2025-02-03 19:30:49.789,0.00501099,-0.0181963,-0.0769768
870284,2025-02-03 19:30:49.79,0.00501099,-0.0181963,-0.0769768
870286,2025-02-03 19:30:49.794,0.0462793,-0.00055337,-0.04778
870287,2025-02-03 19:30:49.798,0.0777428,0.0120733,-0.0365925
870288,2025-02-03 19:30:49.803,0.119769,0.0103016,-0.0290394
870289,2025-02-03 19:30:49.803,0.119769,0.0103016,-0.0290394
870290,2025-02-03 19:30:49.808,0.159379,0.0240817,-0.0512524
870291,2025-02-03 19:30:49.812,0.14924,0.0343814,-0.0543394
870292,2025-02-03 19:30:49.813,0.14924,0.0343814,-0.0543394
870293,2025-02-03 19:30:49.818,0.147759,0.0188293,-0.0729389
870294,2025-02-03 19:30:49.818,0.147759,0.0188293,-0.0729389
870295,2025-02-03 19:30:49.822,0.119444,0.0357077,-0.0594053
870296,2025-02-03 19:30:49.827,0.085831,0.0349014,-0.0698013
870297,2025-02-03 19:30:49.831,0.0446637,0.0273325,-0.0730925
870298,2025-02-03 19:30:49.832,0.0446637,0.0273325,-0.0730925
870299,2025-02-03 19:30:49.837,0.0170993,0.0105462,-0.0574274
870300,2025-02-03 19:30:49.841,-0.0100253,-0.00126004,-0.0383568
870301,2025-02-03 19:30:49.841,-0.0100253,-0.00126004,-0.0383568
870302,2025-02-03 19:30:49.846,-0.0558556,-0.00935936,-0.0253935
870303,2025-02-03 19:30:49.85,-0.0764441,0.0122967,-0.0125418
870304,2025-02-03 19:30:49.851,-0.0764441,0.0122967,-0.0125418
870305,2025-02-03 19:30:49.856,-0.0757296,0.012331,-0.00215435
870306,2025-02-03 19:30:49.86,-0.071761,0.0181053,0.027195
870307,2025-02-03 19:30:49.86,-0.071761,0.0181053,0.027195
870308,2025-02-03 19:30:49.865,-0.0656754,0.0200539,0.0468702
870310,2025-02-03 19:30:49.869,-0.0460125,0.0253284,0.0771189
870309,2025-02-03 19:30:49.87,-0.0460125,0.0253284,0.0771189
870311,2025-02-03 19:30:49.875,-0.0377773,0.0196421,0.0917454
870312,2025-02-03 19:30:49.879,0.0056352,0.0302844,0.111098
870313,2025-02-03 19:30:49.884,0.0330878,0.00153279,0.118458
870314,2025-02-03 19:30:49.884,0.0330878,0.00153279,0.118458
870315,2025-02-03 19:30:49.888,0.0496727,-0.0154591,0.129434
870316,2025-02-03 19:30:49.893,0.0459333,-0.017134,0.12497
870317,2025-02-03 19:30:49.894,0.0459333,-0.017134,0.12497
870318,2025-02-03 19:30:49.897,0.0245513,-0.031961,0.118209
870320,2025-02-03 19:30:49.902,-0.00472918,-0.0361454,0.117501
870319,2025-02-03 19:30:49.902,-0.00472918,-0.0361454,0.117501
870321,2025-02-03 19:30:49.907,-0.0275275,-0.0569181,0.0788202
870323,2025-02-03 19:30:49.911,-0.0615533,-0.0549123,0.0357094
870322,2025-02-03 19:30:49.912,-0.0615533,-0.0549123,0.0357094
870324,2025-02-03 19:30:49.916,-0.0580972,-0.0574856,-0.0154018
870325,2025-02-03 19:30:49.917,-0.0580972,-0.0574856,-0.0154018
870326,2025-02-03 19:30:49.922,-0.0865636,-0.0549819,-0.0792418
870327,2025-02-03 19:30:49.925,-0.0707375,-0.0332243,-0.115335
870328,2025-02-03 19:30:49.931,-0.0823219,-0.0255957,-0.158347
870329,2025-02-03 19:30:49.931,-0.0823219,-0.0255957,-0.158347
870330,2025-02-03 19:30:49.936,-0.077364,-0.0164504,-0.192824
870331,2025-02-03 19:30:49.941,-0.0524726,-0.0035181,-0.214063
870332,2025-02-03 19:30:49.941,-0.0524726,-0.0035181,-0.214063
870333,2025-02-03 19:30:49.945,-0.0174847,0.0108511,-0.196074
870334,2025-02-03 19:30:49.949,-0.0045037,0.027657,-0.174747
870335,2025-02-03 19:30:49.95,-0.0045037,0.027657,-0.174747
870336,2025-02-03 19:30:49.955,0.0235404,0.0658422,-0.110918
870337,2025-02-03 19:30:49.958,0.0235404,0.0847652,-0.060688
870338,2025-02-03 19:30:49.959,0.0349858,0.0847652,-0.060688
870339,2025-02-03 19:30:49.964,0.045157,0.0905583,-0.0298977
870340,2025-02-03 19:30:49.964,0.045157,0.0905583,-0.0298977
870341,2025-02-03 19:30:49.969,0.0882419,0.0392506,-0.000533104
870342,2025-02-03 19:30:49.973,0.132897,0.0108485,0.0475931
870343,2025-02-03 19:30:49.973,0.132897,0.0108485,0.0475931
870344,2025-02-03 19:30:49.977,0.108014,-0.00328732,0.108438
870345,2025-02-03 19:30:49.982,0.0547473,0.00490642,0.167699
870346,2025-02-03 19:30:49.987,0.0316837,0.0161788,0.243222
870347,2025-02-03 19:30:49.987,0.0316837,0.0161788,0.243222
870348,2025-02-03 19:30:49.991,0.0114205,-0.00880671,0.288627
870350,2025-02-03 19:30:49.996,0.0250899,-0.0375998,0.29108
870349,2025-02-03 19:30:49.997,0.0250899,-0.0375998,0.29108
870351,2025-02-03 19:30:50.001,0.0332144,-0.0404401,0.291283
870353,2025-02-03 19:30:50.006,0.0191347,-0.0411768,0.248856
870352,2025-02-03 19:30:50.007,0.0191347,-0.0411768,0.248856
870354,2025-02-03 19:30:50.01,0.000617862,-0.0278609,0.183111
870356,2025-02-03 19:30:50.015,-0.0129257,-0.000418186,0.103674
870355,2025-02-03 19:30:50.015,-0.0129257,-0.000418186,0.103674
870357,2025-02-03 19:30:50.021,-0.0132933,0.0210352,0.0212812
870359,2025-02-03 19:30:50.024,-0.0090045,0.0234368,-0.0379124
870358,2025-02-03 19:30:50.025,-0.0090045,0.0234368,-0.0379124
870360,2025-02-03 19:30:50.029,0.0212543,0.0475142,-0.0812912
870361,2025-02-03 19:30:50.034,0.0395088,0.0727439,-0.102991
870362,2025-02-03 19:30:50.035,0.0395088,0.0727439,-0.102991
870363,2025-02-03 19:30:50.039,0.0517475,0.0813832,-0.148329
870364,2025-02-03 19:30:50.043,0.069782,0.0889735,-0.16368
870365,2025-02-03 19:30:50.043,0.069782,0.0889735,-0.16368
870366,2025-02-03 19:30:50.049,0.0899883,0.0858917,-0.190802
870367,2025-02-03 19:30:50.054,0.0898402,0.0878367,-0.197598
870368,2025-02-03 19:30:50.054,0.0898402,0.0878367,-0.197598
870369,2025-02-03 19:30:50.057,0.0989503,0.089951,-0.205593
870370,2025-02-03 19:30:50.063,0.0792736,0.066118,-0.210027
870371,2025-02-03 19:30:50.067,0.0618829,0.0616722,-0.20025
870372,2025-02-03 19:30:50.071,0.0397595,0.0502574,-0.172789
870373,2025-02-03 19:30:50.071,0.0397595,0.0502574,-0.172789
870374,2025-02-03 19:30:50.076,0.0128025,0.0270526,-0.138436
870375,2025-02-03 19:30:50.077,0.0128025,0.0270526,-0.138436
870376,2025-02-03 19:30:50.081,-0.00337508,0.00876594,-0.0746899
870378,2025-02-03 19:30:50.086,-0.013541,-0.0118968,-0.0292311
870377,2025-02-03 19:30:50.087,-0.013541,-0.0118968,-0.0292311
870379,2025-02-03 19:30:50.09,-0.0271516,-0.01229,0.00756645
870380,2025-02-03 19:30:50.095,-0.0271516,-0.01229,0.0654535
870381,2025-02-03 19:30:50.095,-0.0370911,-0.0210755,0.0654535
870382,2025-02-03 19:30:50.1,-0.0372777,-0.0406508,0.0968065
870383,2025-02-03 19:30:50.1,-0.0372777,-0.0406508,0.0968065
870384,2025-02-03 19:30:50.105,-0.045506,-0.0257661,0.108953
870385,2025-02-03 19:30:50.109,-0.0497656,-0.0241904,0.122236
870386,2025-02-03 19:30:50.109,-0.0497656,-0.0241904,0.122236
870387,2025-02-03 19:30:50.115,-0.0500715,0.000988245,0.111717
870388,2025-02-03 19:30:50.119,-0.0489305,-0.0096736,0.0953636
870389,2025-02-03 19:30:50.123,-0.0463469,-0.00597477,0.0827055
870390,2025-02-03 19:30:50.123,-0.0463469,-0.00597477,0.0827055
870391,2025-02-03 19:30:50.128,-0.0506827,0.0107782,0.051156
870393,2025-02-03 19:30:50.133,-0.0654556,0.0179477,0.0352917
870392,2025-02-03 19:30:50.133,-0.0654556,0.0179477,0.0352917
870394,2025-02-03 19:30:50.137,-0.0742148,0.0192029,0.0242796
870395,2025-02-03 19:30:50.142,-0.0782448,0.0228364,-0.0186977
870396,2025-02-03 19:30:50.142,-0.0782448,0.0228364,-0.0186977
870397,2025-02-03 19:30:50.147,-0.0646726,0.0194271,-0.0304976
870398,2025-02-03 19:30:50.148,-0.0646726,0.0194271,-0.0304976
870399,2025-02-03 19:30:50.152,-0.0895243,0.0173001,-0.0339165
870400,2025-02-03 19:30:50.157,-0.106202,0.0246444,-0.0242462
870402,2025-02-03 19:30:50.161,-0.115786,0.0330718,-0.0217686
870401,2025-02-03 19:30:50.162,-0.106202,0.0246444,-0.0242462
870403,2025-02-03 19:30:50.166,-0.102933,0.0281925,-0.00738907
870404,2025-02-03 19:30:50.167,-0.102933,0.0281925,-0.00738907
870405,2025-02-03 19:30:50.171,-0.0845447,0.0114837,0.00330162
870406,2025-02-03 19:30:50.176,-0.0688848,0.00188613,0.0127592
870408,2025-02-03 19:30:50.18,-0.0486627,0.00889516,0.0292902
870407,2025-02-03 19:30:50.181,-0.0688848,0.00188613,0.0292902
870409,2025-02-03 19:30:50.185,-0.0369096,0.0122292,0.0397644
870410,2025-02-03 19:30:50.189,-0.0369096,0.0122292,0.065649
870411,2025-02-03 19:30:50.189,-0.0322541,0.00822449,0.065649
870413,2025-02-03 19:30:50.194,-0.0311441,-0.0135655,0.0663958
870412,2025-02-03 19:30:50.194,-0.0311441,-0.0135655,0.0663958
870414,2025-02-03 19:30:50.199,-0.0168534,-0.0291955,0.0600023
870416,2025-02-03 19:30:50.203,-0.0308927,-0.0400014,0.0643711
870415,2025-02-03 19:30:50.204,-0.0308927,-0.0400014,0.0643711
870417,2025-02-03 19:30:50.208,-0.0338472,-0.041182,0.0781956
870418,2025-02-03 19:30:50.208,-0.0338472,-0.041182,0.0781956
870419,2025-02-03 19:30:50.213,-0.045834,-0.0316854,0.0729303
870420,2025-02-03 19:30:50.218,-0.0549072,-0.0305808,0.0795927
870421,2025-02-03 19:30:50.218,-0.0549072,-0.0305808,0.0795927
870422,2025-02-03 19:30:50.222,-0.0421597,-0.0342565,0.0470428
870423,2025-02-03 19:30:50.227,-0.0327188,-0.0425267,0.00167751
870424,2025-02-03 19:30:50.227,-0.0327188,-0.0425267,0.00167751
870425,2025-02-03 19:30:50.233,-0.0280664,-0.0398715,-0.0374279
870427,2025-02-03 19:30:50.236,-0.0269364,-0.0205538,-0.0643559
870426,2025-02-03 19:30:50.237,-0.0269364,-0.0205538,-0.0643559
870428,2025-02-03 19:30:50.242,-0.0508756,-0.00954509,-0.098238
870429,2025-02-03 19:30:50.246,-0.0404422,-0.00333691,-0.105742
870430,2025-02-03 19:30:50.247,-0.0404422,-0.00333691,-0.105742
870431,2025-02-03 19:30:50.25,-0.0564573,0.00760651,-0.125074
870432,2025-02-03 19:30:50.251,-0.0564573,0.00760651,-0.125074
870433,2025-02-03 19:30:50.255,-0.0370839,0.00306773,-0.132398
870434,2025-02-03 19:30:50.26,-0.0160362,0.0056715,-0.142044
870435,2025-02-03 19:30:50.265,-0.0160362,0.00702882,-0.13974
870436,2025-02-03 19:30:50.265,0.000894368,0.00702882,-0.13974
870437,2025-02-03 19:30:50.269,0.0184319,-0.00354934,-0.133887
870438,2025-02-03 19:30:50.27,0.0184319,-0.00354934,-0.133887
870439,2025-02-03 19:30:50.274,0.0271018,0.0049026,-0.0972157
870441,2025-02-03 19:30:50.279,0.0414743,0.029727,-0.0762291
870440,2025-02-03 19:30:50.279,0.0414743,0.029727,-0.0762291
870442,2025-02-03 19:30:50.283,0.0508186,0.0127037,-0.0458956
870443,2025-02-03 19:30:50.288,0.075799,0.0158834,-0.0276375
870444,2025-02-03 19:30:50.289,0.075799,0.0158834,-0.0276375
870446,2025-02-03 19:30:50.293,0.0853129,-0.00943804,-0.0332737
870445,2025-02-03 19:30:50.294,0.0853129,-0.00943804,-0.0332737
870447,2025-02-03 19:30:50.299,0.0986091,0.00821805,-0.0447989
870448,2025-02-03 19:30:50.303,0.104937,0.00217915,-0.0788383
870449,2025-02-03 19:30:50.303,0.104937,0.00217915,-0.0788383
870450,2025-02-03 19:30:50.307,0.0959482,-0.00237298,-0.100801
870451,2025-02-03 19:30:50.313,0.108625,0.00768948,-0.103688
870452,2025-02-03 19:30:50.317,0.0928937,0.0322552,-0.124464
870453,2025-02-03 19:30:50.317,0.0928937,0.0322552,-0.124464
870455,2025-02-03 19:30:50.321,0.078644,0.0522411,-0.11432
870454,2025-02-03 19:30:50.322,0.078644,0.0522411,-0.11432
870456,2025-02-03 19:30:50.326,0.065801,0.0461636,-0.110264
870459,2025-02-03 19:30:50.331,0.0448138,0.0414767,-0.0766144
870457,2025-02-03 19:30:50.331,0.0448138,0.0414767,-0.0766144
870458,2025-02-03 19:30:50.332,0.0448138,0.0414767,-0.0766144
870460,2025-02-03 19:30:50.34,0.0291649,0.0444298,0.00754642
870461,2025-02-03 19:30:50.34,0.0291649,0.0444298,0.00754642
870462,2025-02-03 19:30:50.346,0.00964028,0.0289297,0.0521326
870464,2025-02-03 19:30:50.349,0.0139605,0.0251944,0.102358
870463,2025-02-03 19:30:50.35,0.0139605,0.0251944,0.102358
870466,2025-02-03 19:30:50.355,0.0227699,0.0212018,0.122575
870465,2025-02-03 19:30:50.355,0.0227699,0.0212018,0.122575
870467,2025-02-03 19:30:50.359,0.0348522,0.0204883,0.129663
870468,2025-02-03 19:30:50.365,0.0643838,0.00885248,0.137951
870469,2025-02-03 19:30:50.365,0.0643838,0.00885248,0.137951
870470,2025-02-03 19:30:50.369,0.0494093,0.0220234,0.11418
870471,2025-02-03 19:30:50.369,0.0494093,0.0220234,0.11418
870472,2025-02-03 19:30:50.373,0.0580398,0.0265577,0.0942326
870473,2025-02-03 19:30:50.378,0.0511203,0.0356815,0.0827971
870474,2025-02-03 19:30:50.379,0.0511203,0.0356815,0.0827971
870475,2025-02-03 19:30:50.383,0.0561602,0.0137718,0.0726776
870477,2025-02-03 19:30:50.387,0.0694127,0.0169747,0.0483952
870476,2025-02-03 19:30:50.388,0.0694127,0.0169747,0.0483952
870478,2025-02-03 19:30:50.393,0.074477,0.0130188,0.0385695
870480,2025-02-03 19:30:50.396,0.0749613,0.0139537,0.0430403
870479,2025-02-03 19:30:50.397,0.0749613,0.0139537,0.0430403
870481,2025-02-03 19:30:50.401,0.0590785,0.0209811,0.0331831
870483,2025-02-03 19:30:50.406,0.0555003,0.0363555,0.016264
870482,2025-02-03 19:30:50.407,0.0555003,0.0363555,0.016264
870485,2025-02-03 19:30:50.412,0.0535415,0.0232363,0.000642776
870484,2025-02-03 19:30:50.412,0.0535415,0.0232363,0.000642776
870486,2025-02-03 19:30:50.415,0.0648756,0.0270109,-0.00896072
870487,2025-02-03 19:30:50.42,0.0488362,0.0190051,-0.0232706
870488,2025-02-03 19:30:50.42,0.0488362,0.0190051,-0.0232706
870489,2025-02-03 19:30:50.425,0.04255,0.0135911,-0.0173264
870490,2025-02-03 19:30:50.43,0.0246147,0.0201907,-0.00552368
870491,2025-02-03 19:30:50.434,0.0246147,0.0201907,-0.00552368
870492,2025-02-03 19:30:50.434,0.0129012,0.0325599,0.00978279
870493,2025-02-03 19:30:50.439,0.00016728,0.0376353,-0.0272455
870494,2025-02-03 19:30:50.439,0.00016728,0.0376353,-0.0272455
870495,2025-02-03 19:30:50.444,-0.0137665,0.0272479,-0.0295477
870496,2025-02-03 19:30:50.448,-0.0254886,0.0371013,-0.0389519
870497,2025-02-03 19:30:50.448,-0.0254886,0.0371013,-0.0389519
870498,2025-02-03 19:30:50.453,-0.0340552,0.0314817,-0.0506811
870499,2025-02-03 19:30:50.454,-0.0340552,0.0314817,-0.0506811
870500,2025-02-03 19:30:50.458,-0.0561746,0.0246243,-0.0492382
870501,2025-02-03 19:30:50.462,-0.0691563,0.0178347,-0.0323963
870502,2025-02-03 19:30:50.467,-0.0691563,0.0178347,-0.0323963
870503,2025-02-03 19:30:50.467,-0.0525269,0.0381577,-0.0156183
870504,2025-02-03 19:30:50.473,-0.0363054,0.026191,0.0235882
870505,2025-02-03 19:30:50.473,-0.0363054,0.026191,0.0235882
870506,2025-02-03 19:30:50.477,-0.0238539,0.0237668,0.0446758
870507,2025-02-03 19:30:50.482,-0.00681317,0.00222087,0.0502052
870508,2025-02-03 19:30:50.482,-0.00681317,0.00222087,0.0502052
870509,2025-02-03 19:30:50.486,0.00174376,-0.0205255,0.0711803
870510,2025-02-03 19:30:50.491,0.0114943,-0.0323699,0.0848513
870511,2025-02-03 19:30:50.495,0.0152781,-0.0180962,0.0747013
870513,2025-02-03 19:30:50.501,0.0143835,-0.028749,0.0705328
870512,2025-02-03 19:30:50.501,0.0152781,-0.028749,0.0705328
870514,2025-02-03 19:30:50.505,0.0207643,-0.0416579,0.0711441
870516,2025-02-03 19:30:50.51,0.0332103,-0.0259964,0.0931301
870515,2025-02-03 19:30:50.511,0.0332103,-0.0259964,0.0931301
870517,2025-02-03 19:30:50.515,0.04106,-0.0247369,0.110202
870519,2025-02-03 19:30:50.519,0.0290489,-0.0259192,0.110542
870518,2025-02-03 19:30:50.519,0.0290489,-0.0259192,0.110542
870520,2025-02-03 19:30:50.524,0.0317213,-0.0306799,0.131078
870521,2025-02-03 19:30:50.524,0.0317213,-0.0306799,0.131078
870522,2025-02-03 19:30:50.528,0.0429466,-0.0283353,0.119418
870524,2025-02-03 19:30:50.533,0.0437424,-0.0260632,0.101948
870523,2025-02-03 19:30:50.534,0.0437424,-0.0260632,0.101948
870525,2025-02-03 19:30:50.538,0.0304384,-0.00843692,0.0668411
870526,2025-02-03 19:30:50.543,-0.00525746,-0.00643325,0.0474739
870527,2025-02-03 19:30:50.543,-0.00525746,-0.00643325,0.0474739
870528,2025-02-03 19:30:50.547,-0.00518617,0.0157347,0.00927067
870530,2025-02-03 19:30:50.552,-0.00887328,0.0211406,-0.0132017
870529,2025-02-03 19:30:50.552,-0.00887328,0.0211406,-0.0132017
870531,2025-02-03 19:30:50.558,0.0132421,0.0111809,-0.0307837
870532,2025-02-03 19:30:50.562,0.0254016,0.0072422,-0.0375462
870533,2025-02-03 19:30:50.562,0.0254016,0.0072422,-0.0375462
870534,2025-02-03 19:30:50.566,0.0324403,0.0140789,-0.0371561
870536,2025-02-03 19:30:50.571,0.0297807,-0.0112429,0.00360298
870535,2025-02-03 19:30:50.572,0.0297807,-0.0112429,0.00360298
870537,2025-02-03 19:30:50.575,0.0236504,-0.00569415,0.0203505
870538,2025-02-03 19:30:50.58,0.0190226,-0.0145702,0.0358219
870539,2025-02-03 19:30:50.58,0.0190226,-0.0145702,0.0358219
870540,2025-02-03 19:30:50.585,0.0194616,-0.0045464,0.0239239
870541,2025-02-03 19:30:50.585,0.0194616,-0.0045464,0.0239239
870542,2025-02-03 19:30:50.591,-0.0035052,-0.0219936,-0.0246353
870543,2025-02-03 19:30:50.595,-0.0178016,-0.0452733,-0.0976992
870544,2025-02-03 19:30:50.595,-0.0178016,-0.0452733,-0.0976992
870545,2025-02-03 19:30:50.599,-0.0497334,-0.0386181,-0.17136
870546,2025-02-03 19:30:50.599,-0.0497334,-0.0386181,-0.17136
870547,2025-02-03 19:30:50.604,-0.0708607,-0.0234396,-0.237378
870548,2025-02-03 19:30:50.609,-0.104144,-0.000923634,-0.289912
870549,2025-02-03 19:30:50.613,-0.104144,0.0231097,-0.343385
870550,2025-02-03 19:30:50.614,-0.0879509,0.0231097,-0.343385
870551,2025-02-03 19:30:50.618,-0.045171,0.0403163,-0.365726
870553,2025-02-03 19:30:50.623,0.00727776,0.0494709,-0.328681
870552,2025-02-03 19:30:50.624,-0.045171,0.0403163,-0.365726
870555,2025-02-03 19:30:50.627,0.0387056,0.0684767,-0.257669
870554,2025-02-03 19:30:50.628,0.0387056,0.0684767,-0.257669
870556,2025-02-03 19:30:50.632,0.0674911,0.069555,-0.16352
870557,2025-02-03 19:30:50.632,0.0674911,0.069555,-0.16352
870558,2025-02-03 19:30:50.637,0.0842407,0.0731316,-0.0512037
870560,2025-02-03 19:30:50.641,0.0844765,0.0504196,0.0329294
870559,2025-02-03 19:30:50.642,0.0844765,0.0504196,0.0329294
870561,2025-02-03 19:30:50.646,0.0813577,0.0289226,0.123542
870562,2025-02-03 19:30:50.651,0.0762648,0.00265217,0.199232
870563,2025-02-03 19:30:50.651,0.0762648,0.00265217,0.199232
870564,2025-02-03 19:30:50.657,0.0536459,-0.0070436,0.241147
870566,2025-02-03 19:30:50.66,0.014758,-0.0122457,0.267394
870565,2025-02-03 19:30:50.661,0.014758,-0.0122457,0.267394
870568,2025-02-03 19:30:50.665,-0.0247345,-0.0272126,0.281662
870567,2025-02-03 19:30:50.666,-0.0247345,-0.0272126,0.281662
870569,2025-02-03 19:30:50.671,-0.0757649,-0.0459859,0.280497
870570,2025-02-03 19:30:50.675,-0.0859379,-0.0387583,0.273498
870571,2025-02-03 19:30:50.675,-0.0859379,-0.0387583,0.273498
870572,2025-02-03 19:30:50.679,-0.0840158,-0.043772,0.253604
870573,2025-02-03 19:30:50.684,-0.0808229,-0.0324528,0.214993
870574,2025-02-03 19:30:50.685,-0.0808229,-0.0324528,0.214993
870575,2025-02-03 19:30:50.689,-0.0598257,-0.0213578,0.168436
870576,2025-02-03 19:30:50.689,-0.0598257,-0.0213578,0.168436
870577,2025-02-03 19:30:50.693,-0.0199496,-0.0104837,0.119938
870579,2025-02-03 19:30:50.698,0.0397421,0.00740933,0.061162
870578,2025-02-03 19:30:50.699,0.0397421,0.00740933,0.061162
870580,2025-02-03 19:30:50.703,0.0775818,0.016902,0.00642014
870581,2025-02-03 19:30:50.707,0.0997501,0.0466254,-0.0348492
870582,2025-02-03 19:30:50.708,0.0997501,0.0466254,-0.0348492
870583,2025-02-03 19:30:50.713,0.111313,0.0690846,-0.082922
870584,2025-02-03 19:30:50.717,0.120676,0.0760868,-0.124705
870585,2025-02-03 19:30:50.718,0.120676,0.0760868,-0.124705
870587,2025-02-03 19:30:50.721,0.117066,0.0796869,-0.166204
870586,2025-02-03 19:30:50.722,0.117066,0.0796869,-0.166204
870588,2025-02-03 19:30:50.726,0.105224,0.0728989,-0.206276
870590,2025-02-03 19:30:50.731,0.0660292,0.0653036,-0.235439
870589,2025-02-03 19:30:50.732,0.0660292,0.0653036,-0.235439
870591,2025-02-03 19:30:50.736,-0.0085707,0.0699878,-0.232426
870592,2025-02-03 19:30:50.74,-0.0085707,0.0558739,-0.227144
870593,2025-02-03 19:30:50.741,-0.0625699,0.0558739,-0.227144
870594,2025-02-03 19:30:50.746,-0.099815,0.0456688,-0.192315
870595,2025-02-03 19:30:50.75,-0.099815,0.0237033,-0.156601
870596,2025-02-03 19:30:50.751,-0.100105,0.0237033,-0.156601
870597,2025-02-03 19:30:50.754,-0.120828,0.0174725,-0.108174
870598,2025-02-03 19:30:50.754,-0.120828,0.0174725,-0.108174
870600,2025-02-03 19:30:50.759,-0.112976,-0.00175166,-0.0672798
870599,2025-02-03 19:30:50.76,-0.112976,-0.00175166,-0.0672798
870601,2025-02-03 19:30:50.765,-0.112406,-0.0150611,-0.0136118
870602,2025-02-03 19:30:50.769,-0.0963596,-0.0129516,0.0194702
870603,2025-02-03 19:30:50.774,-0.0827326,-0.0288343,0.0511465
870604,2025-02-03 19:30:50.774,-0.0827326,-0.0288343,0.0511465
870606,2025-02-03 19:30:50.778,-0.0644479,-0.0494854,0.0600567
870605,2025-02-03 19:30:50.779,-0.0644479,-0.0494854,0.0600567
870607,2025-02-03 19:30:50.783,-0.0581945,-0.0510435,0.0831594
870608,2025-02-03 19:30:50.787,-0.0531846,-0.0288482,0.0965738
870609,2025-02-03 19:30:50.788,-0.0531846,-0.0288482,0.0965738
870611,2025-02-03 19:30:50.792,-0.0468507,-0.0342519,0.106355
870610,2025-02-03 19:30:50.792,-0.0468507,-0.0342519,0.106355
870612,2025-02-03 19:30:50.798,-0.0307436,-0.0289824,0.116085
870613,2025-02-03 19:30:50.802,-0.0227099,-0.0262685,0.113917
870614,2025-02-03 19:30:50.806,-0.0297309,-0.0271528,0.0987291
870615,2025-02-03 19:30:50.807,-0.0297309,-0.0271528,0.0987291
870616,2025-02-03 19:30:50.811,-0.0554661,-0.0412025,0.0932083
870618,2025-02-03 19:30:50.816,-0.0725525,-0.0314784,0.0806417
870617,2025-02-03 19:30:50.817,-0.0725525,-0.0314784,0.0806417
870619,2025-02-03 19:30:50.82,-0.102435,-0.015945,0.0575151
870620,2025-02-03 19:30:50.825,-0.137015,-0.00406861,0.00726223
870621,2025-02-03 19:30:50.825,-0.137015,-0.00406861,0.00726223
870622,2025-02-03 19:30:50.831,-0.157463,-0.00289917,-0.0283632
870623,2025-02-03 19:30:50.835,-0.174654,-0.00527835,-0.0482826
870624,2025-02-03 19:30:50.836,-0.174654,-0.00527835,-0.0482826
870625,2025-02-03 19:30:50.84,-0.182798,0.00683475,-0.076437
870626,2025-02-03 19:30:50.845,-0.1903,0.0226653,-0.0807199
870627,2025-02-03 19:30:50.845,-0.1903,0.0226653,-0.0807199
870628,2025-02-03 19:30:50.849,-0.183963,0.0314579,-0.0589371
870629,2025-02-03 19:30:50.853,-0.150849,0.0581489,-0.023159
870630,2025-02-03 19:30:50.854,-0.150849,0.0581489,-0.023159
870631,2025-02-03 19:30:50.858,-0.105502,0.0742378,0.0264502
870632,2025-02-03 19:30:50.863,-0.0502256,0.0809886,0.0885983
870633,2025-02-03 19:30:50.864,-0.0502256,0.0809886,0.0885983
870634,2025-02-03 19:30:50.868,-0.000507414,0.0878551,0.163219
870635,2025-02-03 19:30:50.873,0.0309228,0.0807431,0.25492
870637,2025-02-03 19:30:50.877,0.0825115,0.0737674,0.34584
870636,2025-02-03 19:30:50.878,0.0825115,0.0737674,0.34584
870638,2025-02-03 19:30:50.882,0.115424,0.0847182,0.432445
870639,2025-02-03 19:30:50.882,0.115424,0.0847182,0.432445
870640,2025-02-03 19:30:50.886,0.15379,0.0802727,0.479145
870642,2025-02-03 19:30:50.891,0.21294,0.0938687,0.502865
870641,2025-02-03 19:30:50.891,0.21294,0.0938687,0.502865
870643,2025-02-03 19:30:50.896,0.171414,0.0908608,0.55842
870644,2025-02-03 19:30:50.9,0.115527,0.109304,0.585025
870645,2025-02-03 19:30:50.9,0.115527,0.109304,0.585025
870646,2025-02-03 19:30:50.905,0.0560783,0.115598,0.62809
870647,2025-02-03 19:30:50.911,0.0273079,0.120454,0.610336
870648,2025-02-03 19:30:50.915,0.0072197,0.103644,0.631989
870649,2025-02-03 19:30:50.92,-0.0224349,0.113663,0.646535
870650,2025-02-03 19:30:50.92,-0.0224349,0.113663,0.646535
870651,2025-02-03 19:30:50.925,-0.0710408,0.130113,0.649276
870653,2025-02-03 19:30:50.929,-0.135716,0.128885,0.65823
870652,2025-02-03 19:30:50.93,-0.135716,0.128885,0.65823
870654,2025-02-03 19:30:50.933,-0.158025,0.133965,0.605656
870655,2025-02-03 19:30:50.933,-0.158025,0.133965,0.605656
870656,2025-02-03 19:30:50.938,-0.133861,0.129828,0.53718
870657,2025-02-03 19:30:50.943,-0.105552,0.122776,0.450456
870658,2025-02-03 19:30:50.948,-0.0542002,0.123609,0.345601
870659,2025-02-03 19:30:50.948,-0.0542002,0.123609,0.345601
870660,2025-02-03 19:30:50.952,-0.0144995,0.146573,0.246488
870661,2025-02-03 19:30:50.952,-0.0144995,0.146573,0.246488
870662,2025-02-03 19:30:50.957,0.0233601,0.166719,0.135216
870663,2025-02-03 19:30:50.962,0.0916906,0.183145,0.0308008
870664,2025-02-03 19:30:50.962,0.0916906,0.183145,0.0308008
870665,2025-02-03 19:30:50.966,0.15493,0.179291,-0.0668097
870666,2025-02-03 19:30:50.971,0.207238,0.176865,-0.15298
870667,2025-02-03 19:30:50.976,0.25243,0.183203,-0.259925
870668,2025-02-03 19:30:50.976,0.25243,0.183203,-0.259925
870669,2025-02-03 19:30:50.982,0.240606,0.173275,-0.34473
870670,2025-02-03 19:30:50.985,0.215953,0.161676,-0.412406
870671,2025-02-03 19:30:50.985,0.215953,0.161676,-0.412406
870672,2025-02-03 19:30:50.99,0.202199,0.144914,-0.469053
870673,2025-02-03 19:30:50.995,0.190802,0.123015,-0.494584
870675,2025-02-03 19:30:50.999,0.145984,0.0865355,-0.480955
870674,2025-02-03 19:30:51,0.190802,0.123015,-0.494584
870677,2025-02-03 19:30:51.004,0.110902,0.0698252,-0.454542
870676,2025-02-03 19:30:51.005,0.110902,0.0698252,-0.454542
870678,2025-02-03 19:30:51.01,0.0735577,0.0476313,-0.386909
870679,2025-02-03 19:30:51.015,0.0244845,0.0152006,-0.319929
870680,2025-02-03 19:30:51.019,0.00300306,-0.0241399,-0.241623
870681,2025-02-03 19:30:51.023,-0.0173406,-0.0287614,-0.192454
870682,2025-02-03 19:30:51.028,-0.0166614,-0.0405972,-0.122302
870683,2025-02-03 19:30:51.033,-0.0462693,-0.0666978,-0.0788326
870684,2025-02-03 19:30:51.037,-0.0523927,-0.0629399,-0.0333567
870685,2025-02-03 19:30:51.042,-0.0523927,-0.0474,0.00580788
870686,2025-02-03 19:30:51.043,-0.0494781,-0.0474,0.00580788
870687,2025-02-03 19:30:51.046,-0.00403607,-0.0510952,0.0529852
870688,2025-02-03 19:30:51.047,-0.00403607,-0.0510952,0.0529852
870689,2025-02-03 19:30:51.051,0.0445098,-0.0344818,0.0783672
870690,2025-02-03 19:30:51.056,0.0535969,-0.0381715,0.127278
870691,2025-02-03 19:30:51.061,0.0878292,-0.0167716,0.144887
870692,2025-02-03 19:30:51.065,0.106623,-0.00842261,0.150427
870693,2025-02-03 19:30:51.07,0.106623,0.0214388,0.17011
870694,2025-02-03 19:30:51.071,0.115039,0.0214388,0.17011
870695,2025-02-03 19:30:51.08,0.0887127,0.0307317,0.185066
870696,2025-02-03 19:30:51.08,0.0887127,0.0307317,0.185066
870697,2025-02-03 19:30:51.084,0.0553591,0.041158,0.218389
870698,2025-02-03 19:30:51.089,0.0179577,0.0516961,0.243072
870699,2025-02-03 19:30:51.094,-0.0164354,0.0491548,0.279409
870700,2025-02-03 19:30:51.095,-0.0164354,0.0491548,0.279409
870701,2025-02-03 19:30:51.098,-0.0455649,0.0479681,0.342709
870702,2025-02-03 19:30:51.103,-0.0874016,0.0692141,0.366355
870703,2025-02-03 19:30:51.103,-0.0874016,0.0692141,0.366355
870704,2025-02-03 19:30:51.108,-0.127732,0.0651298,0.421927
870705,2025-02-03 19:30:51.113,-0.167976,0.0620492,0.447423
870706,2025-02-03 19:30:51.117,-0.191548,0.057564,0.465655
870707,2025-02-03 19:30:51.122,-0.207103,0.0765443,0.49094
870708,2025-02-03 19:30:51.127,-0.204019,0.0771265,0.504269
870709,2025-02-03 19:30:51.127,-0.204019,0.0771265,0.504269
870710,2025-02-03 19:30:51.131,-0.204856,0.103385,0.523551
870711,2025-02-03 19:30:51.137,-0.181107,0.10638,0.532132
870712,2025-02-03 19:30:51.137,-0.181107,0.10638,0.532132
870713,2025-02-03 19:30:51.141,-0.14829,0.110176,0.528881
870714,2025-02-03 19:30:51.145,-0.11128,0.105252,0.505588
870715,2025-02-03 19:30:51.146,-0.11128,0.105252,0.505588
870716,2025-02-03 19:30:51.151,-0.0724094,0.104858,0.489688
870717,2025-02-03 19:30:51.156,-0.0469308,0.113701,0.481128
870718,2025-02-03 19:30:51.161,-0.0179655,0.123479,0.46439
870719,2025-02-03 19:30:51.164,-0.00198621,0.128304,0.463276
870720,2025-02-03 19:30:51.164,-0.00198621,0.128304,0.463276
870721,2025-02-03 19:30:51.169,0.00713009,0.12238,0.444386
870722,2025-02-03 19:30:51.175,0.00713009,0.0986176,0.419757
870723,2025-02-03 19:30:51.175,0.0272426,0.0986176,0.419757
870724,2025-02-03 19:30:51.178,0.02052,0.0986271,0.398971
870725,2025-02-03 19:30:51.178,0.02052,0.0986271,0.398971
870726,2025-02-03 19:30:51.184,-0.00572285,0.111704,0.373626
870727,2025-02-03 19:30:51.189,-0.0193325,0.0925202,0.329554
870728,2025-02-03 19:30:51.189,-0.0193325,0.0925202,0.329554
870729,2025-02-03 19:30:51.193,-0.0181447,0.0806241,0.282301
870730,2025-02-03 19:30:51.197,-0.0295271,0.0841708,0.215308
870731,2025-02-03 19:30:51.198,-0.0295271,0.0841708,0.215308
870732,2025-02-03 19:30:51.202,-0.0322011,0.0816767,0.12873
870734,2025-02-03 19:30:51.207,-0.0502938,0.0792818,0.0523453
870733,2025-02-03 19:30:51.207,-0.0502938,0.0792818,0.0523453
870735,2025-02-03 19:30:51.211,-0.0661113,0.0912328,-0.0341196
870736,2025-02-03 19:30:51.216,-0.0799395,0.0794821,-0.125863
870737,2025-02-03 19:30:51.216,-0.0799395,0.0794821,-0.125863
870739,2025-02-03 19:30:51.221,-0.0872678,0.0763729,-0.20626
870738,2025-02-03 19:30:51.222,-0.0872678,0.0763729,-0.20626
870740,2025-02-03 19:30:51.226,-0.0871223,0.0544651,-0.248086
870741,2025-02-03 19:30:51.231,-0.079365,0.0410502,-0.252792
870742,2025-02-03 19:30:51.235,-0.0509365,0.00646639,-0.253948
870743,2025-02-03 19:30:51.235,-0.0509365,0.00646639,-0.253948
870744,2025-02-03 19:30:51.241,-0.0279399,-0.0254922,-0.230169
870745,2025-02-03 19:30:51.244,-0.0279399,-0.0254922,-0.230169
870746,2025-02-03 19:30:51.244,0.0146979,-0.0727115,-0.223187
870747,2025-02-03 19:30:51.249,0.0367014,-0.0982347,-0.192508
870748,2025-02-03 19:30:51.249,0.0367014,-0.0982347,-0.192508
870749,2025-02-03 19:30:51.254,0.0241208,-0.102262,-0.169175
870750,2025-02-03 19:30:51.259,0.0038451,-0.107529,-0.166173
870751,2025-02-03 19:30:51.263,0.00322366,-0.110394,-0.199969
870752,2025-02-03 19:30:51.263,0.00322366,-0.110394,-0.199969
870753,2025-02-03 19:30:51.269,-0.0147716,-0.133256,-0.267947
870754,2025-02-03 19:30:51.273,-0.0275893,-0.137823,-0.343756
870755,2025-02-03 19:30:51.274,-0.0275893,-0.137823,-0.343756
870756,2025-02-03 19:30:51.278,-0.0616431,-0.0956178,-0.422634
870757,2025-02-03 19:30:51.282,-0.0659205,-0.0779762,-0.483288
870758,2025-02-03 19:30:51.282,-0.0659205,-0.0779762,-0.483288
870759,2025-02-03 19:30:51.288,-0.0360883,-0.0634208,-0.521098
870761,2025-02-03 19:30:51.291,-0.0296872,-0.0362697,-0.537526
870760,2025-02-03 19:30:51.292,-0.0296872,-0.0362697,-0.537526
870762,2025-02-03 19:30:51.296,0.023616,-0.0121388,-0.522032
870763,2025-02-03 19:30:51.301,0.0617441,0.0207484,-0.434485
870764,2025-02-03 19:30:51.306,0.0617441,0.0207484,-0.349061
870765,2025-02-03 19:30:51.306,0.101515,0.0302165,-0.349061
870766,2025-02-03 19:30:51.31,0.144426,0.0577986,-0.200374
870767,2025-02-03 19:30:51.311,0.144426,0.0577986,-0.200374
870768,2025-02-03 19:30:51.316,0.151575,0.0664101,-0.0482502
870769,2025-02-03 19:30:51.321,0.168128,0.0689535,0.0907564
870770,2025-02-03 19:30:51.324,0.145592,0.0417402,0.20964
870771,2025-02-03 19:30:51.325,0.145592,0.0417402,0.20964
870772,2025-02-03 19:30:51.33,0.149427,0.0489898,0.325227
870773,2025-02-03 19:30:51.335,0.127372,0.0225847,0.424543
870774,2025-02-03 19:30:51.339,0.0997184,0.0139525,0.505317
870775,2025-02-03 19:30:51.343,0.0891417,0.00495982,0.557075
870776,2025-02-03 19:30:51.344,0.0891417,0.00495982,0.557075
870777,2025-02-03 19:30:51.349,0.0561332,0.00398517,0.584781
870778,2025-02-03 19:30:51.353,0.0177394,0.0133083,0.617141
870779,2025-02-03 19:30:51.353,0.0177394,0.0133083,0.617141
870780,2025-02-03 19:30:51.358,-0.0141623,0.0175016,0.622035
870781,2025-02-03 19:30:51.363,-0.0287911,0.0367656,0.631754
870782,2025-02-03 19:30:51.367,-0.0287911,0.0626636,0.609458
870783,2025-02-03 19:30:51.367,-0.038198,0.0626636,0.609458
870784,2025-02-03 19:30:51.372,-0.033069,0.0999446,0.594564
870785,2025-02-03 19:30:51.376,-0.0184232,0.0939667,0.565619
870786,2025-02-03 19:30:51.376,-0.0184232,0.0939667,0.565619
870787,2025-02-03 19:30:51.386,-0.0127424,0.16455,0.510967
870788,2025-02-03 19:30:51.386,-0.0127424,0.16455,0.510967
870789,2025-02-03 19:30:51.391,-0.0313428,0.184998,0.488769
870790,2025-02-03 19:30:51.395,-0.02149,0.207441,0.477498
870791,2025-02-03 19:30:51.395,-0.02149,0.207441,0.477498
870792,2025-02-03 19:30:51.4,-0.014155,0.205819,0.479422
870793,2025-02-03 19:30:51.404,0.0108913,0.202719,0.482612
870794,2025-02-03 19:30:51.409,0.0273945,0.223067,0.463322
870795,2025-02-03 19:30:51.41,0.0273945,0.223067,0.463322
870796,2025-02-03 19:30:51.414,0.0509734,0.203896,0.419322
870797,2025-02-03 19:30:51.419,0.0509734,0.203896,0.374557
870798,2025-02-03 19:30:51.419,0.0791251,0.19303,0.374557
870799,2025-02-03 19:30:51.424,0.0941066,0.190362,0.337356
870800,2025-02-03 19:30:51.424,0.0941066,0.190362,0.337356
870801,2025-02-03 19:30:51.428,0.0771522,0.201926,0.288613
870802,2025-02-03 19:30:51.428,0.0771522,0.201926,0.288613
870803,2025-02-03 19:30:51.434,0.0888398,0.201571,0.226015
870804,2025-02-03 19:30:51.437,0.101599,0.178659,0.206676
870805,2025-02-03 19:30:51.437,0.101599,0.178659,0.206676
870806,2025-02-03 19:30:51.443,0.115329,0.152441,0.174417
870808,2025-02-03 19:30:51.447,0.113592,0.119343,0.168537
870807,2025-02-03 19:30:51.447,0.113592,0.119343,0.168537
870809,2025-02-03 19:30:51.453,0.108447,0.120893,0.162728
870810,2025-02-03 19:30:51.456,0.077645,0.106846,0.160591
870811,2025-02-03 19:30:51.456,0.077645,0.106846,0.160591
870812,2025-02-03 19:30:51.461,0.0498234,0.0833633,0.143068
870813,2025-02-03 19:30:51.466,0.0391996,0.0503535,0.143582
870814,2025-02-03 19:30:51.466,0.0391996,0.0503535,0.143582
870816,2025-02-03 19:30:51.47,0.0242863,0.0341489,0.127515
870815,2025-02-03 19:30:51.471,0.0242863,0.0341489,0.127515
870817,2025-02-03 19:30:51.475,-0.00548342,0.0168023,0.08076
870818,2025-02-03 19:30:51.48,-0.0334848,0.0255969,0.0154552
870819,2025-02-03 19:30:51.48,-0.0334848,0.0255969,0.0154552
870821,2025-02-03 19:30:51.486,-0.0481032,0.00703645,-0.05406
870820,2025-02-03 19:30:51.486,-0.0481032,0.00703645,-0.05406
870822,2025-02-03 19:30:51.49,-0.0722181,0.00882149,-0.118252
870823,2025-02-03 19:30:51.495,-0.0738097,0.0143311,-0.20334
870824,2025-02-03 19:30:51.499,-0.0747152,0.0199606,-0.25455
870825,2025-02-03 19:30:51.499,-0.0747152,0.0199606,-0.25455
870826,2025-02-03 19:30:51.503,-0.0583347,0.0222204,-0.312552
870827,2025-02-03 19:30:51.503,-0.0583347,0.0222204,-0.312552
870828,2025-02-03 19:30:51.509,-0.04147,-0.0157142,-0.327415
870829,2025-02-03 19:30:51.509,-0.04147,-0.0157142,-0.327415
870830,2025-02-03 19:30:51.514,-0.0393885,-0.0247552,-0.316079
870831,2025-02-03 19:30:51.517,-0.0330343,-0.0157852,-0.31914
870832,2025-02-03 19:30:51.518,-0.0330343,-0.0157852,-0.31914
870833,2025-02-03 19:30:51.522,-0.0259052,-0.0186341,-0.290176
870834,2025-02-03 19:30:51.527,-0.0192145,-0.02595,-0.257992
870835,2025-02-03 19:30:51.527,-0.0192145,-0.02595,-0.257992
870836,2025-02-03 19:30:51.533,-0.0305221,-0.0284796,-0.209452
870837,2025-02-03 19:30:51.536,-0.029878,-0.0391033,-0.166128
870838,2025-02-03 19:30:51.536,-0.029878,-0.0391033,-0.166128
870839,2025-02-03 19:30:51.542,-0.0314052,-0.0482936,-0.141016
870841,2025-02-03 19:30:51.546,-0.0136513,-0.0513606,-0.106645
870840,2025-02-03 19:30:51.547,-0.0136513,-0.0513606,-0.106645
870842,2025-02-03 19:30:51.551,-0.0182645,-0.0637591,-0.0868368
870843,2025-02-03 19:30:51.551,-0.0182645,-0.0637591,-0.0868368
870844,2025-02-03 19:30:51.555,-0.0251062,-0.0520339,-0.0755892
870846,2025-02-03 19:30:51.56,-0.0330031,-0.0544288,-0.0372038
870845,2025-02-03 19:30:51.561,-0.0330031,-0.0544288,-0.0372038
870847,2025-02-03 19:30:51.565,-0.039595,-0.0434556,-0.012289
870848,2025-02-03 19:30:51.566,-0.039595,-0.0434556,-0.012289
870850,2025-02-03 19:30:51.569,-0.0460944,-0.0560362,0.0277624
870849,2025-02-03 19:30:51.57,-0.0460944,-0.0560362,0.0277624
870851,2025-02-03 19:30:51.575,-0.0692561,-0.0459738,0.10428
870853,2025-02-03 19:30:51.579,-0.0863618,-0.0324533,0.193225
870852,2025-02-03 19:30:51.58,-0.0863618,-0.0324533,0.193225
870855,2025-02-03 19:30:51.583,-0.0865914,-0.0359535,0.257783
870854,2025-02-03 19:30:51.583,-0.0865914,-0.0359535,0.257783
870856,2025-02-03 19:30:51.588,-0.100931,-0.0373361,0.296972
870857,2025-02-03 19:30:51.593,-0.0937021,-0.0319002,0.340689
870858,2025-02-03 19:30:51.593,-0.0937021,-0.0319002,0.340689
870859,2025-02-03 19:30:51.599,-0.0819082,-0.0196321,0.340192
870860,2025-02-03 19:30:51.602,-0.0728368,0.0101812,0.343304
870861,2025-02-03 19:30:51.602,-0.0728368,0.0101812,0.343304
870863,2025-02-03 19:30:51.607,-0.0640359,0.0385001,0.338093
870862,2025-02-03 19:30:51.608,-0.0640359,0.0385001,0.338093
870864,2025-02-03 19:30:51.613,-0.0638517,0.064127,0.323446
870865,2025-02-03 19:30:51.616,-0.0638517,0.0930591,0.323178
870866,2025-02-03 19:30:51.616,-0.0518264,0.0930591,0.323178
870867,2025-02-03 19:30:51.622,-0.0123856,0.106267,0.326499
870868,2025-02-03 19:30:51.622,-0.0123856,0.106267,0.326499
870869,2025-02-03 19:30:51.626,0.0232058,0.111116,0.338083
870871,2025-02-03 19:30:51.631,0.0481233,0.137284,0.337713
870870,2025-02-03 19:30:51.632,0.0481233,0.137284,0.337713
870872,2025-02-03 19:30:51.635,0.0564877,0.152487,0.346874
870873,2025-02-03 19:30:51.636,0.0564877,0.152487,0.346874
870874,2025-02-03 19:30:51.64,0.0710387,0.147359,0.346481
870875,2025-02-03 19:30:51.64,0.0710387,0.147359,0.346481
870876,2025-02-03 19:30:51.645,0.0738618,0.142311,0.3449
870877,2025-02-03 19:30:51.649,0.0911908,0.14922,0.330272
870878,2025-02-03 19:30:51.65,0.0911908,0.14922,0.330272
870879,2025-02-03 19:30:51.655,0.0778473,0.154707,0.327704
870880,2025-02-03 19:30:51.659,0.0744092,0.149245,0.352544
870881,2025-02-03 19:30:51.659,0.0744092,0.149245,0.352544
870883,2025-02-03 19:30:51.664,0.0805401,0.134162,0.347554
870882,2025-02-03 19:30:51.665,0.0805401,0.134162,0.347554
870884,2025-02-03 19:30:51.668,0.103327,0.10601,0.343842
870885,2025-02-03 19:30:51.668,0.103327,0.10601,0.343842
870886,2025-02-03 19:30:51.674,0.1045,0.116958,0.317705
870887,2025-02-03 19:30:51.674,0.1045,0.116958,0.317705
870888,2025-02-03 19:30:51.679,0.10909,0.109953,0.29536
870889,2025-02-03 19:30:51.682,0.1206,0.104051,0.273241
870890,2025-02-03 19:30:51.683,0.1206,0.104051,0.273241
870891,2025-02-03 19:30:51.687,0.118801,0.0956588,0.252542
870892,2025-02-03 19:30:51.687,0.118801,0.0956588,0.252542
870893,2025-02-03 19:30:51.692,0.120747,0.102588,0.229707
870894,2025-02-03 19:30:51.697,0.114465,0.0939431,0.196408
870895,2025-02-03 19:30:51.701,0.103568,0.0757067,0.151575
870896,2025-02-03 19:30:51.706,0.088153,0.0658453,0.105962
870897,2025-02-03 19:30:51.706,0.088153,0.0658453,0.105962
870898,2025-02-03 19:30:51.711,0.077565,0.0644705,0.0405178
870899,2025-02-03 19:30:51.712,0.077565,0.0644705,0.0405178
870900,2025-02-03 19:30:51.715,0.0944285,0.0630207,-0.0160408
870901,2025-02-03 19:30:51.716,0.0944285,0.0630207,-0.0160408
870902,2025-02-03 19:30:51.72,0.0717684,0.064249,-0.101906
870903,2025-02-03 19:30:51.725,0.0646574,0.0513089,-0.165719
870904,2025-02-03 19:30:51.725,0.0646574,0.0513089,-0.165719
870905,2025-02-03 19:30:51.73,0.0644608,0.0530462,-0.210121
870906,2025-02-03 19:30:51.73,0.0644608,0.0530462,-0.210121
870907,2025-02-03 19:30:51.735,0.0566976,0.0384183,-0.236452
870908,2025-02-03 19:30:51.739,0.0901297,0.0395837,-0.260283
870909,2025-02-03 19:30:51.74,0.0901297,0.0395837,-0.260283
870910,2025-02-03 19:30:51.744,0.11593,0.0256784,-0.270986
870911,2025-02-03 19:30:51.744,0.11593,0.0256784,-0.270986
870912,2025-02-03 19:30:51.748,0.146004,0.0239389,-0.267425
870913,2025-02-03 19:30:51.754,0.1543,0.0165386,-0.246177
870914,2025-02-03 19:30:51.754,0.1543,0.0165386,-0.246177
870915,2025-02-03 19:30:51.758,0.157608,0.0165126,-0.213304
870916,2025-02-03 19:30:51.759,0.157608,0.0165126,-0.213304
870917,2025-02-03 19:30:51.762,0.156126,0.023782,-0.190258
870919,2025-02-03 19:30:51.767,0.142701,0.0133455,-0.169834
870918,2025-02-03 19:30:51.768,0.142701,0.0133455,-0.169834
870920,2025-02-03 19:30:51.773,0.124638,-0.00275302,-0.138957
870921,2025-02-03 19:30:51.777,0.104454,-0.00549054,-0.104828
870922,2025-02-03 19:30:51.782,0.0784984,0.000311613,-0.0686779
870923,2025-02-03 19:30:51.787,0.0278495,0.00499058,-0.0577927
870924,2025-02-03 19:30:51.791,-0.00701401,0.00381303,-0.0339813
870925,2025-02-03 19:30:51.792,-0.00701401,0.00381303,-0.0339813
870926,2025-02-03 19:30:51.796,-0.0298281,0.0171402,-0.00808048
870927,2025-02-03 19:30:51.8,-0.0372711,0.0339792,0.0152016
870928,2025-02-03 19:30:51.801,-0.0372711,0.0339792,0.0152016
870929,2025-02-03 19:30:51.806,-0.052036,0.0507727,0.0714874
870930,2025-02-03 19:30:51.81,-0.0432809,0.0662756,0.11185
870931,2025-02-03 19:30:51.814,-0.0324682,0.06387,0.172037
870932,2025-02-03 19:30:51.814,-0.0324682,0.06387,0.172037
870933,2025-02-03 19:30:51.819,-0.0193159,0.102866,0.224658
870934,2025-02-03 19:30:51.824,0.0128635,0.0973954,0.292349
870935,2025-02-03 19:30:51.824,0.0128635,0.0973954,0.292349
870936,2025-02-03 19:30:51.828,0.0272857,0.119082,0.335808
870937,2025-02-03 19:30:51.833,0.0272857,0.119082,0.335808
870938,2025-02-03 19:30:51.833,0.0490818,0.156937,0.3612
870939,2025-02-03 19:30:51.839,0.0627506,0.153882,0.353232
870940,2025-02-03 19:30:51.839,0.0627506,0.153882,0.353232
870941,2025-02-03 19:30:51.842,0.0706578,0.168587,0.356049
870942,2025-02-03 19:30:51.847,0.0513164,0.181934,0.34224
870943,2025-02-03 19:30:51.848,0.0513164,0.181934,0.34224
870944,2025-02-03 19:30:51.852,0.0320261,0.183379,0.319022
870945,2025-02-03 19:30:51.852,0.0320261,0.183379,0.319022
870946,2025-02-03 19:30:51.857,0.0234666,0.155238,0.336319
870947,2025-02-03 19:30:51.861,0.00546673,0.1333,0.36296
870948,2025-02-03 19:30:51.866,0.0175596,0.112611,0.385865
870949,2025-02-03 19:30:51.871,0.0175596,0.112611,0.385865
870950,2025-02-03 19:30:51.871,0.0250893,0.0955451,0.418121
870952,2025-02-03 19:30:51.875,0.018682,0.0557435,0.445479
870951,2025-02-03 19:30:51.876,0.018682,0.0557435,0.445479
870953,2025-02-03 19:30:51.88,-0.0159761,0.0254676,0.46203
870954,2025-02-03 19:30:51.886,-0.0715319,0.0177071,0.479732
870955,2025-02-03 19:30:51.886,-0.0715319,0.0177071,0.479732
870956,2025-02-03 19:30:51.89,-0.138425,0.00488067,0.455864
870957,2025-02-03 19:30:51.894,-0.191539,-0.00101256,0.408556
870958,2025-02-03 19:30:51.899,-0.191539,-0.00101256,0.347504
870959,2025-02-03 19:30:51.899,-0.214448,0.00588346,0.347504
870961,2025-02-03 19:30:51.904,-0.232564,0.00549555,0.26681
870960,2025-02-03 19:30:51.904,-0.232564,0.00549555,0.26681
870962,2025-02-03 19:30:51.908,-0.227249,0.0145345,0.142874
870963,2025-02-03 19:30:51.913,-0.215521,0.0438354,0.0685663
870964,2025-02-03 19:30:51.914,-0.215521,0.0438354,0.0685663
870965,2025-02-03 19:30:51.918,-0.185739,0.0517988,0.00662708
870966,2025-02-03 19:30:51.923,-0.133193,0.0800998,-0.0560827
870967,2025-02-03 19:30:51.924,-0.133193,0.0800998,-0.0560827
870968,2025-02-03 19:30:51.927,-0.0555445,0.102488,-0.0744514
870969,2025-02-03 19:30:51.932,0.0270377,0.125039,-0.0571833
870970,2025-02-03 19:30:51.933,0.0270377,0.125039,-0.0571833
870971,2025-02-03 19:30:51.937,0.111231,0.148764,-0.0116282
870972,2025-02-03 19:30:51.937,0.111231,0.148764,-0.0116282
870973,2025-02-03 19:30:51.941,0.171066,0.147511,0.0394373
870974,2025-02-03 19:30:51.946,0.193904,0.148735,0.0864992
870975,2025-02-03 19:30:51.946,0.193904,0.148735,0.0864992
870976,2025-02-03 19:30:51.951,0.2132,0.132201,0.139092
870977,2025-02-03 19:30:51.956,0.190012,0.115914,0.179357
870978,2025-02-03 19:30:51.956,0.190012,0.115914,0.179357
870979,2025-02-03 19:30:51.96,0.156906,0.116447,0.197918
870981,2025-02-03 19:30:51.966,0.137519,0.0920062,0.2116
870980,2025-02-03 19:30:51.966,0.137519,0.0920062,0.2116
870982,2025-02-03 19:30:51.971,0.0878167,0.0618713,0.20262
870984,2025-02-03 19:30:51.974,0.0329389,0.0391586,0.206766
870983,2025-02-03 19:30:51.975,0.0329389,0.0391586,0.206766
870985,2025-02-03 19:30:51.979,-0.0306932,0.0237033,0.204969
870986,2025-02-03 19:30:51.984,-0.0745864,0.0190179,0.202024
870987,2025-02-03 19:30:51.985,-0.0745864,0.0190179,0.202024
870988,2025-02-03 19:30:51.988,-0.129844,0.0308871,0.181335
870989,2025-02-03 19:30:51.993,-0.149002,0.0270247,0.162071
870991,2025-02-03 19:30:51.998,-0.169315,0.0229793,0.135912
870990,2025-02-03 19:30:51.999,-0.169315,0.0229793,0.135912
870992,2025-02-03 19:30:52.003,-0.178015,0.0271938,0.101673
870993,2025-02-03 19:30:52.003,-0.178015,0.0271938,0.101673
870994,2025-02-03 19:30:52.007,-0.156313,0.0537627,0.0570707
870995,2025-02-03 19:30:52.012,-0.124844,0.0669045,0.02948
870996,2025-02-03 19:30:52.012,-0.124844,0.0669045,0.02948
870997,2025-02-03 19:30:52.017,-0.0728962,0.0822396,0.0116186
870998,2025-02-03 19:30:52.021,-0.0326798,0.103261,-0.00370216
870999,2025-02-03 19:30:52.021,-0.0326798,0.103261,-0.00370216
871000,2025-02-03 19:30:52.026,0.0329855,0.126435,-0.00464916
871001,2025-02-03 19:30:52.027,0.0329855,0.126435,-0.00464916
871002,2025-02-03 19:30:52.032,0.103998,0.120954,-0.00322342
871003,2025-02-03 19:30:52.036,0.141286,0.132226,-0.00776863
871004,2025-02-03 19:30:52.04,0.141286,0.132226,-0.00776863
871005,2025-02-03 19:30:52.041,0.153497,0.124552,-0.0348701
871007,2025-02-03 19:30:52.045,0.145646,0.114895,-0.0559082
871006,2025-02-03 19:30:52.046,0.145646,0.114895,-0.0559082
871008,2025-02-03 19:30:52.05,0.133311,0.0926409,-0.084013
871009,2025-02-03 19:30:52.054,0.109303,0.0959587,-0.0835381
871010,2025-02-03 19:30:52.054,0.109303,0.0959587,-0.0835381
871011,2025-02-03 19:30:52.059,0.0657334,0.104467,-0.0701485
871013,2025-02-03 19:30:52.064,0.018137,0.0848942,-0.0676994
871012,2025-02-03 19:30:52.065,0.018137,0.0848942,-0.0676994
871015,2025-02-03 19:30:52.069,-0.0157268,0.0931816,-0.0416489
871014,2025-02-03 19:30:52.07,-0.0157268,0.0931816,-0.0416489
871016,2025-02-03 19:30:52.073,-0.0456379,0.0744882,0.00067997
871017,2025-02-03 19:30:52.078,-0.0635993,0.0479674,0.0686617
871018,2025-02-03 19:30:52.078,-0.0635993,0.0479674,0.0686617
871019,2025-02-03 19:30:52.084,-0.0733173,0.0325849,0.137179
871020,2025-02-03 19:30:52.087,-0.0782806,0.0313993,0.23842
871021,2025-02-03 19:30:52.088,-0.0782806,0.0313993,0.23842
871022,2025-02-03 19:30:52.092,-0.0854582,0.0429802,0.334172
871023,2025-02-03 19:30:52.092,-0.0854582,0.0429802,0.334172
871024,2025-02-03 19:30:52.098,-0.0853346,0.0290215,0.415053
871025,2025-02-03 19:30:52.102,-0.0482947,0.0122943,0.482374
871026,2025-02-03 19:30:52.106,-0.0482947,0.0122943,0.524409
871027,2025-02-03 19:30:52.107,-0.0268256,0.00221896,0.524409
871028,2025-02-03 19:30:52.111,-0.0386215,-7.53403e-05,0.527124
871030,2025-02-03 19:30:52.116,-0.0643365,0.0184326,0.496778
871029,2025-02-03 19:30:52.116,-0.0643365,0.0184326,0.496778
871031,2025-02-03 19:30:52.121,-0.0896801,0.0304208,0.433589
871033,2025-02-03 19:30:52.125,-0.104265,0.0398595,0.357888
871032,2025-02-03 19:30:52.126,-0.104265,0.0398595,0.357888
871034,2025-02-03 19:30:52.13,-0.110716,0.0516069,0.248381
871036,2025-02-03 19:30:52.135,-0.0973878,0.0705881,0.178876
871035,2025-02-03 19:30:52.136,-0.0973878,0.0705881,0.178876
871037,2025-02-03 19:30:52.139,-0.0881952,0.060076,0.116946
871038,2025-02-03 19:30:52.144,-0.0806176,0.0749226,0.0886469
871039,2025-02-03 19:30:52.145,-0.0806176,0.0749226,0.0886469
871040,2025-02-03 19:30:52.15,-0.0506102,0.100785,0.0924835
871041,2025-02-03 19:30:52.153,-0.0289268,0.10405,0.117609
871042,2025-02-03 19:30:52.153,-0.0289268,0.10405,0.117609
871043,2025-02-03 19:30:52.159,0.00260651,0.0802028,0.146032
871044,2025-02-03 19:30:52.163,0.0118846,0.0827613,0.187266
871045,2025-02-03 19:30:52.168,0.0300149,0.0674803,0.203253
871046,2025-02-03 19:30:52.168,0.0300149,0.0674803,0.203253
871047,2025-02-03 19:30:52.173,-0.00261894,0.0594788,0.223858
871048,2025-02-03 19:30:52.173,-0.00261894,0.0594788,0.223858
871049,2025-02-03 19:30:52.177,-0.00978225,0.0538609,0.225328
871050,2025-02-03 19:30:52.183,-0.0381992,0.037616,0.212538
871051,2025-02-03 19:30:52.183,-0.0381992,0.037616,0.212538
871052,2025-02-03 19:30:52.186,-0.0725645,0.026248,0.186792
871053,2025-02-03 19:30:52.192,-0.101151,0.0313845,0.202861
871054,2025-02-03 19:30:52.192,-0.101151,0.0313845,0.202861
871055,2025-02-03 19:30:52.196,-0.115739,0.0421607,0.211738
871056,2025-02-03 19:30:52.2,-0.14121,0.0299861,0.230127
871057,2025-02-03 19:30:52.2,-0.14121,0.0299861,0.230127
871058,2025-02-03 19:30:52.205,-0.126334,0.0341103,0.246119
871059,2025-02-03 19:30:52.21,-0.122378,0.034204,0.235998
871060,2025-02-03 19:30:52.215,-0.0923847,0.0197058,0.215388
871061,2025-02-03 19:30:52.219,-0.0616211,0.0324872,0.164128
871062,2025-02-03 19:30:52.224,-0.00869259,0.0581784,0.134671
871063,2025-02-03 19:30:52.225,-0.00869259,0.0581784,0.134671
871064,2025-02-03 19:30:52.23,0.0127917,0.074219,0.0959406
871065,2025-02-03 19:30:52.234,0.0199555,0.106793,0.0492105
871066,2025-02-03 19:30:52.239,0.0486956,0.103631,0.0313196
871067,2025-02-03 19:30:52.239,0.0486956,0.103631,0.0313196
871068,2025-02-03 19:30:52.243,0.0714065,0.109126,-0.00195122
871069,2025-02-03 19:30:52.248,0.0905214,0.114867,-0.01723
871070,2025-02-03 19:30:52.248,0.0905214,0.114867,-0.01723
871071,2025-02-03 19:30:52.252,0.121522,0.1233,-0.0467386
871072,2025-02-03 19:30:52.257,0.133444,0.110602,-0.0452309
871074,2025-02-03 19:30:52.262,0.140811,0.125635,-0.0343351
871073,2025-02-03 19:30:52.263,0.133444,0.125635,-0.0343351
871075,2025-02-03 19:30:52.267,0.126872,0.115805,-0.0224018
871076,2025-02-03 19:30:52.272,0.122747,0.109924,0.00239849
871077,2025-02-03 19:30:52.277,0.0986478,0.11369,0.0222149
871078,2025-02-03 19:30:52.277,0.0986478,0.11369,0.0222149
871079,2025-02-03 19:30:52.281,0.0807406,0.10088,0.022851
871080,2025-02-03 19:30:52.285,0.0699383,0.0977206,0.0388927
871081,2025-02-03 19:30:52.286,0.0699383,0.0977206,0.0388927
871082,2025-02-03 19:30:52.29,0.0541877,0.0767672,0.0654793
871084,2025-02-03 19:30:52.295,0.0167501,0.0607648,0.0953827
871083,2025-02-03 19:30:52.296,0.0167501,0.0607648,0.0953827
871085,2025-02-03 19:30:52.299,-0.00660527,0.0530748,0.152366
871086,2025-02-03 19:30:52.304,-0.012107,0.0310175,0.200622
871087,2025-02-03 19:30:52.309,-0.00456542,0.0337384,0.248582
871088,2025-02-03 19:30:52.31,-0.00456542,0.0337384,0.248582
871089,2025-02-03 19:30:52.314,0.00891486,0.0302303,0.273677
871091,2025-02-03 19:30:52.319,0.0330282,0.0182712,0.28319
871090,2025-02-03 19:30:52.319,0.0330282,0.0182712,0.28319
871092,2025-02-03 19:30:52.323,0.052306,0.0239894,0.304572
871093,2025-02-03 19:30:52.328,0.0740583,0.0379148,0.319867
871094,2025-02-03 19:30:52.333,0.0746179,0.0419867,0.293575
871096,2025-02-03 19:30:52.337,0.0673197,0.047142,0.259233
871095,2025-02-03 19:30:52.338,0.0673197,0.047142,0.259233
871097,2025-02-03 19:30:52.342,0.0721757,0.0404029,0.25248
871098,2025-02-03 19:30:52.347,0.0914066,0.0599813,0.208941
871099,2025-02-03 19:30:52.351,0.0751548,0.0676732,0.19303
871100,2025-02-03 19:30:52.356,0.0593717,0.064702,0.155868
871101,2025-02-03 19:30:52.357,0.0593717,0.064702,0.155868
871102,2025-02-03 19:30:52.361,0.0392915,0.0654032,0.108314
871103,2025-02-03 19:30:52.365,0.0361112,0.0472498,0.0990982
871104,2025-02-03 19:30:52.37,0.0164588,0.0316339,0.0958958
871105,2025-02-03 19:30:52.37,0.0164588,0.0316339,0.0958958
871106,2025-02-03 19:30:52.376,-0.0257458,0.0257702,0.0784302
871108,2025-02-03 19:30:52.379,-0.0512684,0.0234408,0.0718079
871107,2025-02-03 19:30:52.38,-0.0512684,0.0234408,0.0718079
871109,2025-02-03 19:30:52.385,-0.0555395,0.0307391,0.0616331
871110,2025-02-03 19:30:52.39,-0.0495045,0.0201535,0.0788374
871111,2025-02-03 19:30:52.39,-0.0495045,0.0201535,0.0788374
871112,2025-02-03 19:30:52.394,-0.0426718,0.0226154,0.0674295
871113,2025-02-03 19:30:52.398,-0.0254263,0.0261428,0.0822592
871114,2025-02-03 19:30:52.399,-0.0254263,0.0261428,0.0822592
871115,2025-02-03 19:30:52.404,-0.0203193,0.0236197,0.107671
871116,2025-02-03 19:30:52.409,-0.0259906,0.0280678,0.107997
871117,2025-02-03 19:30:52.413,-0.00428382,0.0158184,0.119019
871118,2025-02-03 19:30:52.417,-0.00428382,0.0158184,0.0943432
871119,2025-02-03 19:30:52.417,-0.018566,0.0166883,0.0943432
871120,2025-02-03 19:30:52.422,-0.00674686,-0.00614858,0.103094
871121,2025-02-03 19:30:52.423,-0.00674686,-0.00614858,0.103094
871122,2025-02-03 19:30:52.427,-0.029552,-0.000246525,0.088007
871123,2025-02-03 19:30:52.432,-0.0497299,0.00551677,0.0968189
871124,2025-02-03 19:30:52.432,-0.0497299,0.00551677,0.0968189
871125,2025-02-03 19:30:52.436,-0.0647331,0.00645185,0.10795
871126,2025-02-03 19:30:52.441,-0.0647331,0.00645185,0.10795
871127,2025-02-03 19:30:52.441,-0.0651222,0.00743246,0.109483
871128,2025-02-03 19:30:52.445,-0.0427583,0.0143409,0.0932035
871129,2025-02-03 19:30:52.445,-0.0427583,0.0143409,0.0932035
871130,2025-02-03 19:30:52.45,-0.0121612,0.0142105,0.0924492
871131,2025-02-03 19:30:52.455,0.00991929,0.0105493,0.0762615
871132,2025-02-03 19:30:52.455,0.00991929,0.0105493,0.0762615
871133,2025-02-03 19:30:52.461,-0.00620055,0.0344117,0.0708303
871134,2025-02-03 19:30:52.464,-0.00677353,0.0462928,0.0713482
871135,2025-02-03 19:30:52.464,-0.00677353,0.0462928,0.0713482
871136,2025-02-03 19:30:52.47,-0.00499752,0.0486684,0.0682716
871138,2025-02-03 19:30:52.474,0.0158232,0.038012,0.10913
871137,2025-02-03 19:30:52.475,0.0158232,0.038012,0.10913
871139,2025-02-03 19:30:52.478,0.0436826,0.0392613,0.117619
871140,2025-02-03 19:30:52.478,0.0436826,0.0392613,0.117619
871141,2025-02-03 19:30:52.484,0.026339,0.0297191,0.156935
871142,2025-02-03 19:30:52.488,0.00556958,0.0178227,0.173388
871144,2025-02-03 19:30:52.492,-0.017233,-0.00496078,0.173191
871143,2025-02-03 19:30:52.492,0.00556958,-0.00496078,0.173191
871145,2025-02-03 19:30:52.492,-0.017233,-0.00496078,0.173191
871146,2025-02-03 19:30:52.498,-0.0576457,-0.0122998,0.156434
871147,2025-02-03 19:30:52.502,-0.0739684,-0.028223,0.160105
871148,2025-02-03 19:30:52.507,-0.0950118,-0.0323644,0.130577
871149,2025-02-03 19:30:52.508,-0.0950118,-0.0323644,0.130577
871151,2025-02-03 19:30:52.511,-0.125546,-0.0283287,0.0930338
871150,2025-02-03 19:30:52.512,-0.125546,-0.0283287,0.0930338
871152,2025-02-03 19:30:52.516,-0.170312,-0.0150523,0.0368738
871153,2025-02-03 19:30:52.517,-0.170312,-0.0150523,0.0368738
871155,2025-02-03 19:30:52.525,-0.144181,-0.000596046,-0.0669279
871154,2025-02-03 19:30:52.526,-0.144181,-0.000596046,-0.0669279
871156,2025-02-03 19:30:52.53,-0.10609,0.002074,-0.126659
871157,2025-02-03 19:30:52.535,-0.0510549,0.0168238,-0.150374
871159,2025-02-03 19:30:52.54,0.00433555,0.0305963,-0.157393
871158,2025-02-03 19:30:52.541,0.00433555,0.0305963,-0.157393
871160,2025-02-03 19:30:52.544,0.0531889,0.0553353,-0.150243
871161,2025-02-03 19:30:52.549,0.0531889,0.0553353,-0.150243
871162,2025-02-03 19:30:52.549,0.102738,0.0813844,-0.112399
871164,2025-02-03 19:30:52.554,0.161853,0.0730948,-0.0713902
871163,2025-02-03 19:30:52.555,0.161853,0.0730948,-0.0713902
871165,2025-02-03 19:30:52.559,0.189002,0.0781958,-0.0141687
871166,2025-02-03 19:30:52.563,0.196449,0.0704224,0.0259075
871167,2025-02-03 19:30:52.564,0.196449,0.0704224,0.0259075
871168,2025-02-03 19:30:52.568,0.187817,0.0556898,0.0715723
871169,2025-02-03 19:30:52.573,0.187817,0.0556898,0.0715723
871170,2025-02-03 19:30:52.573,0.141755,0.0316901,0.110905
871171,2025-02-03 19:30:52.577,0.0773613,0.00418568,0.138094
871172,2025-02-03 19:30:52.577,0.0773613,0.00418568,0.138094
871173,2025-02-03 19:30:52.582,0.0171131,-0.0231922,0.152034
871174,2025-02-03 19:30:52.583,0.0171131,-0.0231922,0.152034
871175,2025-02-03 19:30:52.588,-0.0273032,-0.0386391,0.182528
871176,2025-02-03 19:30:52.591,-0.094063,-0.0768542,0.208126
871177,2025-02-03 19:30:52.591,-0.094063,-0.0768542,0.208126
871178,2025-02-03 19:30:52.596,-0.139142,-0.0866971,0.22296
871179,2025-02-03 19:30:52.596,-0.139142,-0.0866971,0.22296
871180,2025-02-03 19:30:52.601,-0.158031,-0.104072,0.243755
871181,2025-02-03 19:30:52.606,-0.137789,-0.0907729,0.222932
871182,2025-02-03 19:30:52.606,-0.137789,-0.0907729,0.222932
871183,2025-02-03 19:30:52.61,-0.101398,-0.0922859,0.210728
871184,2025-02-03 19:30:52.61,-0.101398,-0.0922859,0.210728
871185,2025-02-03 19:30:52.615,-0.0535253,-0.0727284,0.152427
871186,2025-02-03 19:30:52.62,-0.0166714,-0.0486894,0.106519
871187,2025-02-03 19:30:52.62,-0.0166714,-0.0486894,0.106519
871188,2025-02-03 19:30:52.624,-0.00464672,-0.0321183,0.0598669
871189,2025-02-03 19:30:52.63,-0.0511888,0.0823696,-0.0363722
871190,2025-02-03 19:30:52.635,0.187638,0.129735,-0.452672
871191,2025-02-03 19:30:52.635,0.187638,0.129735,-0.452672
871192,2025-02-03 19:30:52.639,0.351579,-0.0112798,-0.73553
871194,2025-02-03 19:30:52.643,0.309613,-0.0819061,-0.61421
871193,2025-02-03 19:30:52.644,0.309613,-0.0819061,-0.61421
871195,2025-02-03 19:30:52.648,0.125123,-0.0133662,-0.367267
871196,2025-02-03 19:30:52.653,-0.0223386,0.132082,-0.245943
871197,2025-02-03 19:30:52.654,-0.0223386,0.132082,-0.245943
871198,2025-02-03 19:30:52.657,-0.0162978,0.200308,-0.231209
871199,2025-02-03 19:30:52.658,-0.0162978,0.200308,-0.231209
871200,2025-02-03 19:30:52.662,0.137176,0.105059,-0.112033
871202,2025-02-03 19:30:52.667,0.259641,-0.0281894,0.141693
871201,2025-02-03 19:30:52.667,0.259641,-0.0281894,0.141693
871203,2025-02-03 19:30:52.672,0.250543,-0.0332484,0.334273
871204,2025-02-03 19:30:52.672,0.250543,-0.0332484,0.334273
871205,2025-02-03 19:30:52.676,0.159267,0.00909352,0.357094
871206,2025-02-03 19:30:52.676,0.159267,0.00909352,0.357094
871207,2025-02-03 19:30:52.681,0.0602065,0.0438747,0.361131
871208,2025-02-03 19:30:52.686,0.0312049,0.045202,0.369023
871209,2025-02-03 19:30:52.687,0.0312049,0.045202,0.369023
871210,2025-02-03 19:30:52.69,0.026243,0.00297213,0.322464
871211,2025-02-03 19:30:52.691,0.026243,0.00297213,0.322464
871213,2025-02-03 19:30:52.696,0.00507808,-0.0371335,0.225413
871212,2025-02-03 19:30:52.696,0.00507808,-0.0371335,0.225413
871214,2025-02-03 19:30:52.701,-0.0353388,-0.0520947,0.12326
871215,2025-02-03 19:30:52.705,-0.0791482,-0.0397673,0.044548
871216,2025-02-03 19:30:52.705,-0.0791482,-0.0397673,0.044548
871218,2025-02-03 19:30:52.709,-0.132027,-0.0227098,0.0139542
871217,2025-02-03 19:30:52.71,-0.132027,-0.0227098,0.0139542
871219,2025-02-03 19:30:52.715,-0.142567,-0.0328972,-0.0188112
871221,2025-02-03 19:30:52.719,-0.121511,-0.0414116,-0.0514097
871220,2025-02-03 19:30:52.72,-0.121511,-0.0414116,-0.0514097
871222,2025-02-03 19:30:52.724,-0.0665565,-0.0648379,-0.0874119
871223,2025-02-03 19:30:52.724,-0.0665565,-0.0648379,-0.0874119
871224,2025-02-03 19:30:52.729,-0.0219842,-0.0627663,-0.100654
871225,2025-02-03 19:30:52.733,-0.0219842,-0.0627618,-0.0936775
871226,2025-02-03 19:30:52.733,0.00886703,-0.0627618,-0.0936775
871227,2025-02-03 19:30:52.737,0.0188736,-0.0303633,-0.103459
871228,2025-02-03 19:30:52.738,0.0188736,-0.0303633,-0.103459
871229,2025-02-03 19:30:52.742,0.0340927,-0.000261307,-0.122749
871230,2025-02-03 19:30:52.742,0.0340927,-0.000261307,-0.122749
871231,2025-02-03 19:30:52.747,0.055182,0.014334,-0.133622
871233,2025-02-03 19:30:52.752,0.0556729,0.030117,-0.140893
871232,2025-02-03 19:30:52.753,0.0556729,0.030117,-0.140893
871235,2025-02-03 19:30:52.756,0.0533537,0.0303593,-0.136253
871234,2025-02-03 19:30:52.756,0.0533537,0.0303593,-0.136253
871236,2025-02-03 19:30:52.762,0.0517358,0.0365298,-0.130483
871238,2025-02-03 19:30:52.766,0.0436518,0.0460689,-0.117613
871237,2025-02-03 19:30:52.767,0.0517358,0.0460689,-0.117613
871239,2025-02-03 19:30:52.77,0.0493799,0.0279799,-0.0822344
871240,2025-02-03 19:30:52.77,0.0493799,0.0279799,-0.0822344
871241,2025-02-03 19:30:52.775,0.0463274,0.0239241,-0.0517979
871242,2025-02-03 19:30:52.775,0.0463274,0.0239241,-0.0517979
871243,2025-02-03 19:30:52.78,0.0109853,0.0279601,-0.0334139
871244,2025-02-03 19:30:52.785,-0.00626713,0.0114567,-0.0316973
871245,2025-02-03 19:30:52.785,-0.00626713,0.0114567,-0.0316973
871247,2025-02-03 19:30:52.789,-0.0388983,-0.0205688,-0.0524807
871246,2025-02-03 19:30:52.79,-0.0388983,-0.0205688,-0.0524807
871249,2025-02-03 19:30:52.794,-0.0902489,-0.0298223,-0.0754471
871248,2025-02-03 19:30:52.795,-0.0902489,-0.0298223,-0.0754471
871250,2025-02-03 19:30:52.799,-0.131644,-0.054379,-0.107736
871251,2025-02-03 19:30:52.803,-0.184604,-0.0692062,-0.131454
871252,2025-02-03 19:30:52.804,-0.184604,-0.0692062,-0.131454
871253,2025-02-03 19:30:52.808,-0.238394,-0.0847881,-0.172887
871254,2025-02-03 19:30:52.808,-0.238394,-0.0847881,-0.172887
871256,2025-02-03 19:30:52.813,-0.253813,-0.0929055,-0.191489
871255,2025-02-03 19:30:52.814,-0.253813,-0.0929055,-0.191489
871257,2025-02-03 19:30:52.817,-0.259624,-0.111385,-0.198148
871258,2025-02-03 19:30:52.822,-0.237028,-0.115223,-0.183469
871259,2025-02-03 19:30:52.827,-0.197916,-0.0987031,-0.165393
871260,2025-02-03 19:30:52.828,-0.197916,-0.0987031,-0.165393
871261,2025-02-03 19:30:52.832,-0.147222,-0.101211,-0.109515
871262,2025-02-03 19:30:52.833,-0.147222,-0.101211,-0.109515
871263,2025-02-03 19:30:52.837,-0.102715,-0.100167,-0.0422153
871264,2025-02-03 19:30:52.841,-0.0583106,-0.0779357,-0.00983524
871265,2025-02-03 19:30:52.841,-0.0583106,-0.0779357,-0.00983524
871266,2025-02-03 19:30:52.846,-0.0365835,-0.0702615,0.0365686
871267,2025-02-03 19:30:52.846,-0.0365835,-0.0702615,0.0365686
871268,2025-02-03 19:30:52.85,-0.0219793,-0.065166,0.0517759
871269,2025-02-03 19:30:52.855,0.00094974,-0.0342793,0.0349007
871270,2025-02-03 19:30:52.856,0.00094974,-0.0342793,0.0349007
871271,2025-02-03 19:30:52.86,-0.0153392,-0.0524437,-0.00315666
871272,2025-02-03 19:30:52.861,-0.0153392,-0.0524437,-0.00315666
871273,2025-02-03 19:30:52.866,-0.0220103,-0.0456424,-0.0206785
871275,2025-02-03 19:30:52.869,-0.0511331,-0.0283694,-0.0605583
871274,2025-02-03 19:30:52.869,-0.0511331,-0.0283694,-0.0605583
871276,2025-02-03 19:30:52.874,-0.0897274,-0.0219312,-0.10011
871277,2025-02-03 19:30:52.874,-0.0897274,-0.0219312,-0.10011
871278,2025-02-03 19:30:52.879,-0.122331,-0.0213716,-0.132257
871279,2025-02-03 19:30:52.879,-0.122331,-0.0213716,-0.132257
871280,2025-02-03 19:30:52.883,-0.127892,-0.0171337,-0.160633
871281,2025-02-03 19:30:52.883,-0.127892,-0.0171337,-0.160633
871282,2025-02-03 19:30:52.889,-0.113493,-0.014035,-0.171003
871283,2025-02-03 19:30:52.893,-0.0947877,-0.0131834,-0.183723
871284,2025-02-03 19:30:52.894,-0.0947877,-0.0131834,-0.183723
871286,2025-02-03 19:30:52.898,-0.0490895,-0.0289128,-0.161933
871285,2025-02-03 19:30:52.899,-0.0490895,-0.0289128,-0.161933
871287,2025-02-03 19:30:52.902,-0.0205064,-0.034936,-0.123734
871288,2025-02-03 19:30:52.908,0.0127281,-0.0207386,-0.104838
871289,2025-02-03 19:30:52.908,0.0127281,-0.0207386,-0.104838
871291,2025-02-03 19:30:52.912,0.0292613,-0.0257046,-0.0457144
871290,2025-02-03 19:30:52.913,0.0292613,-0.0257046,-0.0457144
871292,2025-02-03 19:30:52.916,0.0446639,-0.031914,-0.00959873
871293,2025-02-03 19:30:52.916,0.0446639,-0.031914,-0.00959873
871294,2025-02-03 19:30:52.921,0.0483628,-0.0560765,0.00729847
871296,2025-02-03 19:30:52.926,0.0499476,-0.0706584,0.0146055
871295,2025-02-03 19:30:52.926,0.0499476,-0.0706584,0.0146055
871298,2025-02-03 19:30:52.931,0.0352061,-0.0733089,0.0135736
871297,2025-02-03 19:30:52.932,0.0352061,-0.0733089,0.0135736
871299,2025-02-03 19:30:52.935,0.0456407,-0.0676744,-0.0147324
871300,2025-02-03 19:30:52.935,0.0456407,-0.0676744,-0.0147324
871301,2025-02-03 19:30:52.941,0.0478086,-0.0787532,-0.0202274
871303,2025-02-03 19:30:52.946,0.0227627,-0.0743029,-0.0363588
871302,2025-02-03 19:30:52.946,0.0227627,-0.0743029,-0.0363588
871304,2025-02-03 19:30:52.949,0.0335382,-0.0568202,-0.0582943
871305,2025-02-03 19:30:52.949,0.0335382,-0.0568202,-0.0582943
871306,2025-02-03 19:30:52.954,0.0561245,-0.057266,-0.0812397
871307,2025-02-03 19:30:52.954,0.0561245,-0.057266,-0.0812397
871308,2025-02-03 19:30:52.96,0.0761487,-0.0411489,-0.0944786
871310,2025-02-03 19:30:52.963,0.101812,-0.0417519,-0.111183
871309,2025-02-03 19:30:52.964,0.101812,-0.0417519,-0.111183
871311,2025-02-03 19:30:52.968,0.140151,-0.0340219,-0.1242
871312,2025-02-03 19:30:52.969,0.140151,-0.0340219,-0.1242
871313,2025-02-03 19:30:52.973,0.153161,-0.0240657,-0.126401
871314,2025-02-03 19:30:52.974,0.153161,-0.0240657,-0.126401
871315,2025-02-03 19:30:52.978,0.166122,-0.0201044,-0.133336
871316,2025-02-03 19:30:52.982,0.181385,-0.0126376,-0.125961
871317,2025-02-03 19:30:52.983,0.181385,-0.0126376,-0.125961
871318,2025-02-03 19:30:52.988,0.16816,-0.0147972,-0.155419
871319,2025-02-03 19:30:52.988,0.16816,-0.0147972,-0.155419
871320,2025-02-03 19:30:52.988,0.16816,-0.0147972,-0.155419
871321,2025-02-03 19:30:52.996,0.158026,0.00826502,-0.237493
871323,2025-02-03 19:30:53.001,0.14674,0.0144527,-0.268443
871322,2025-02-03 19:30:53.001,0.14674,0.0144527,-0.268443
871324,2025-02-03 19:30:53.006,0.12709,0.0101929,-0.307545
871325,2025-02-03 19:30:53.006,0.12709,0.0101929,-0.307545
871326,2025-02-03 19:30:53.012,0.13124,0.0299723,-0.349971
871328,2025-02-03 19:30:53.015,0.124505,0.0392036,-0.368406
871327,2025-02-03 19:30:53.016,0.124505,0.0392036,-0.368406
871329,2025-02-03 19:30:53.02,0.116542,0.0439312,-0.361867
871330,2025-02-03 19:30:53.025,0.116542,0.0439312,-0.361867
871331,2025-02-03 19:30:53.026,0.124072,0.0441868,-0.332932
871332,2025-02-03 19:30:53.029,0.118323,0.0528715,-0.332772
871333,2025-02-03 19:30:53.034,0.117317,0.042623,-0.288739
871334,2025-02-03 19:30:53.034,0.117317,0.042623,-0.288739
871335,2025-02-03 19:30:53.04,0.111538,0.0420296,-0.249844
871336,2025-02-03 19:30:53.04,0.111538,0.0420296,-0.249844
871337,2025-02-03 19:30:53.044,0.0938029,0.0390275,-0.224324
871338,2025-02-03 19:30:53.048,0.0749096,0.0265832,-0.182411
871339,2025-02-03 19:30:53.053,0.0523511,0.0237286,-0.143228
871340,2025-02-03 19:30:53.058,0.0511102,0.0183694,-0.0948324
871341,2025-02-03 19:30:53.058,0.0511102,0.0183694,-0.0948324
871342,2025-02-03 19:30:53.062,0.0462761,0.0116544,-0.0337143
871343,2025-02-03 19:30:53.067,0.027289,0.0178406,0.00916004
871344,2025-02-03 19:30:53.072,0.0157535,-0.00126648,0.0375404
871345,2025-02-03 19:30:53.077,0.00935143,-0.00867033,0.0503693
871346,2025-02-03 19:30:53.081,0.0114787,-0.024523,0.0584135
871347,2025-02-03 19:30:53.086,0.00423437,-0.0213246,0.0331821
871348,2025-02-03 19:30:53.086,0.00423437,-0.0213246,0.0331821
871349,2025-02-03 19:30:53.092,-0.00278345,-0.0265479,0.0188789
871350,2025-02-03 19:30:53.096,-0.0155021,-0.0115356,-0.0297279
871351,2025-02-03 19:30:53.101,-0.0042071,0.015348,-0.061347
871353,2025-02-03 19:30:53.105,-0.00244546,0.013644,-0.0642509
871352,2025-02-03 19:30:53.105,-0.00244546,0.013644,-0.0642509
871354,2025-02-03 19:30:53.109,0.021926,-0.0174901,-0.0921316
871355,2025-02-03 19:30:53.115,0.0474179,-0.0210283,-0.0806141
871356,2025-02-03 19:30:53.119,0.0431573,-0.0470462,-0.0585194
871357,2025-02-03 19:30:53.119,0.0431573,-0.0470462,-0.0585194
871358,2025-02-03 19:30:53.12,0.0431573,-0.0470462,-0.0585194
871359,2025-02-03 19:30:53.128,-0.00516722,-0.049206,-0.0134945
871361,2025-02-03 19:30:53.133,-0.0348958,-0.083828,-0.00483513
871360,2025-02-03 19:30:53.134,-0.0348958,-0.083828,-0.00483513
871362,2025-02-03 19:30:53.138,-0.0549835,-0.100603,-0.010416
871363,2025-02-03 19:30:53.138,-0.0549835,-0.100603,-0.010416
871364,2025-02-03 19:30:53.142,-0.0774608,-0.112784,-0.0360413
871365,2025-02-03 19:30:53.148,-0.0977591,-0.103718,-0.0661421
871366,2025-02-03 19:30:53.152,-0.101679,-0.0984426,-0.0959558
871367,2025-02-03 19:30:53.152,-0.101679,-0.0984426,-0.0959558
871368,2025-02-03 19:30:53.157,-0.107208,-0.108776,-0.140926
871369,2025-02-03 19:30:53.158,-0.107208,-0.108776,-0.140926
871370,2025-02-03 19:30:53.161,-0.0963832,-0.089324,-0.171295
871371,2025-02-03 19:30:53.166,-0.0645842,-0.0558162,-0.203786
871372,2025-02-03 19:30:53.166,-0.0645842,-0.0558162,-0.203786
871373,2025-02-03 19:30:53.171,-0.0105811,-0.041383,-0.232513
871378,2025-02-03 19:30:53.175,0.0488596,-0.024349,-0.264678
871375,2025-02-03 19:30:53.175,0.0488596,-0.024349,-0.264678
871377,2025-02-03 19:30:53.175,0.0488596,-0.024349,-0.264678
871376,2025-02-03 19:30:53.176,0.0488596,-0.024349,-0.264678
871374,2025-02-03 19:30:53.176,0.0488596,-0.024349,-0.264678
871379,2025-02-03 19:30:53.185,0.139039,0.000722408,-0.293074
871380,2025-02-03 19:30:53.194,0.189791,0.0245714,-0.250482
871382,2025-02-03 19:30:53.204,0.203575,-0.000612736,-0.195941
871381,2025-02-03 19:30:53.205,0.203575,-0.000612736,-0.195941
871383,2025-02-03 19:30:53.208,0.176457,-0.0306334,-0.161322
871384,2025-02-03 19:30:53.213,0.124763,-0.0426831,-0.141203
871385,2025-02-03 19:30:53.218,0.0676741,-0.0569971,-0.107005
871386,2025-02-03 19:30:53.223,0.0145618,-0.0428536,-0.0789814
871387,2025-02-03 19:30:53.224,0.0145618,-0.0428536,-0.0789814
871388,2025-02-03 19:30:53.228,-0.0419593,-0.0576024,-0.0487328
871389,2025-02-03 19:30:53.232,-0.0688077,-0.0690074,-0.0328865
871390,2025-02-03 19:30:53.237,-0.0744171,-0.0545568,-0.0289383
871392,2025-02-03 19:30:53.241,-0.0553701,-0.0513766,-0.0189466
871391,2025-02-03 19:30:53.241,-0.0744171,-0.0545568,-0.0189466
871393,2025-02-03 19:30:53.246,-0.0236919,-0.046272,-0.0338373
871394,2025-02-03 19:30:53.246,-0.0236919,-0.046272,-0.0338373
871395,2025-02-03 19:30:53.251,0.0122303,-0.0153785,-0.0651379
871396,2025-02-03 19:30:53.256,0.0762046,0.010287,-0.10798
871397,2025-02-03 19:30:53.256,0.0762046,0.010287,-0.10798
871398,2025-02-03 19:30:53.26,0.115828,0.0320568,-0.148052
871399,2025-02-03 19:30:53.266,0.158784,0.053647,-0.194911
871400,2025-02-03 19:30:53.27,0.203802,0.0765314,-0.243844
871401,2025-02-03 19:30:53.275,0.252064,0.0627575,-0.317405
871402,2025-02-03 19:30:53.275,0.252064,0.0627575,-0.317405
871404,2025-02-03 19:30:53.279,0.276427,0.072094,-0.334698
871403,2025-02-03 19:30:53.28,0.276427,0.072094,-0.334698
871405,2025-02-03 19:30:53.285,0.215358,0.110279,-0.367414
871406,2025-02-03 19:30:53.288,0.152635,0.114281,-0.367982
871407,2025-02-03 19:30:53.289,0.152635,0.114281,-0.367982
871409,2025-02-03 19:30:53.293,0.120186,0.0997558,-0.362772
871408,2025-02-03 19:30:53.294,0.120186,0.0997558,-0.362772
871410,2025-02-03 19:30:53.303,0.0744372,0.039572,-0.316278
871411,2025-02-03 19:30:53.304,0.0744372,0.039572,-0.316278
871412,2025-02-03 19:30:53.307,0.0540211,0.030647,-0.254966
871414,2025-02-03 19:30:53.312,0.0172549,0.0100806,-0.176407
871413,2025-02-03 19:30:53.313,0.0172549,0.0100806,-0.176407
871415,2025-02-03 19:30:53.317,-0.00846028,0.00645638,-0.11042
871416,2025-02-03 19:30:53.317,-0.00846028,0.00645638,-0.11042
871417,2025-02-03 19:30:53.321,-0.0220666,0.00629282,-0.0247583
871418,2025-02-03 19:30:53.327,-0.0484856,-0.00597048,0.0460253
871419,2025-02-03 19:30:53.327,-0.0484856,-0.00597048,0.0460253
871420,2025-02-03 19:30:53.332,-0.0745332,-0.0113375,0.113958
871421,2025-02-03 19:30:53.337,-0.0742289,-0.0301752,0.150613
871422,2025-02-03 19:30:53.341,-0.0822497,-0.0340946,0.16819
871424,2025-02-03 19:30:53.345,-0.103284,-0.0383821,0.148952
871423,2025-02-03 19:30:53.346,-0.103284,-0.0383821,0.148952
871425,2025-02-03 19:30:53.35,-0.108791,-0.0466385,0.134765
871426,2025-02-03 19:30:53.355,-0.113154,-0.0339313,0.0887985
871427,2025-02-03 19:30:53.36,-0.122425,-0.0192559,0.0171919
871429,2025-02-03 19:30:53.364,-0.123301,-0.0238814,-0.044261
871428,2025-02-03 19:30:53.365,-0.123301,-0.0238814,-0.044261
871430,2025-02-03 19:30:53.369,-0.112439,-0.0272543,-0.113525
871431,2025-02-03 19:30:53.373,-0.125376,-0.0115235,-0.179863
871432,2025-02-03 19:30:53.373,-0.125376,-0.0115235,-0.179863
871433,2025-02-03 19:30:53.379,-0.115623,-0.00754094,-0.256414
871435,2025-02-03 19:30:53.383,-0.106021,-0.0163653,-0.297997
871434,2025-02-03 19:30:53.384,-0.106021,-0.0163653,-0.297997
871436,2025-02-03 19:30:53.388,-0.0941309,-0.0485442,-0.350021
871437,2025-02-03 19:30:53.392,-0.0574442,-0.0717201,-0.363768
871438,2025-02-03 19:30:53.393,-0.0574442,-0.0717201,-0.363768
871439,2025-02-03 19:30:53.397,-0.0579709,-0.0813046,-0.33834
871440,2025-02-03 19:30:53.403,-0.0773691,-0.0775957,-0.307238
871441,2025-02-03 19:30:53.406,-0.0908015,-0.0759706,-0.281252
871442,2025-02-03 19:30:53.412,-0.094564,-0.0922263,-0.234093
871443,2025-02-03 19:30:53.417,-0.0971031,-0.105959,-0.19208
871444,2025-02-03 19:30:53.421,-0.103337,-0.132555,-0.158756
871445,2025-02-03 19:30:53.425,-0.0954143,-0.136482,-0.111438
871446,2025-02-03 19:30:53.43,-0.103238,-0.133513,-0.0834293
871447,2025-02-03 19:30:53.435,-0.121828,-0.130709,-0.0591736
871448,2025-02-03 19:30:53.44,-0.106068,-0.132797,-0.0386505
871449,2025-02-03 19:30:53.444,-0.0655751,-0.125517,-0.024189
871450,2025-02-03 19:30:53.449,-0.0408926,-0.0958221,-0.000326157
871451,2025-02-03 19:30:53.453,-0.0258555,-0.090261,0.00676823
871452,2025-02-03 19:30:53.458,-0.021354,-0.0658262,0.00434113
871453,2025-02-03 19:30:53.463,0.0295947,-0.0404983,0.00196934
871454,2025-02-03 19:30:53.473,0.0342365,-0.0296817,-0.0193434
871456,2025-02-03 19:30:53.477,0.0621379,0.0109057,-0.0970201
871455,2025-02-03 19:30:53.478,0.0621379,0.0109057,-0.0970201
871457,2025-02-03 19:30:53.483,0.0743064,0.0324233,-0.148494
871459,2025-02-03 19:30:53.491,0.0670014,0.0793273,-0.193563
871458,2025-02-03 19:30:53.492,0.0826656,0.0624135,-0.193563
871460,2025-02-03 19:30:53.496,0.0666543,0.0927136,-0.172087
871461,2025-02-03 19:30:53.5,0.0732244,0.0965717,-0.14845
871462,2025-02-03 19:30:53.506,0.0711381,0.0873318,-0.0941525
871463,2025-02-03 19:30:53.51,0.0772559,0.0780602,-0.0414648
871464,2025-02-03 19:30:53.515,0.0843215,0.0828602,0.0262918
871465,2025-02-03 19:30:53.519,0.0794941,0.0777762,0.0781679
871466,2025-02-03 19:30:53.525,0.0902703,0.0723276,0.107196
871467,2025-02-03 19:30:53.53,0.0975453,0.0546896,0.126609
871468,2025-02-03 19:30:53.534,0.0823651,0.0476837,0.115067
871469,2025-02-03 19:30:53.538,0.0853099,0.0452476,0.10608
871470,2025-02-03 19:30:53.543,0.0372519,0.0462785,0.0853376
871471,2025-02-03 19:30:53.548,0.031223,0.0460365,0.0505524
871472,2025-02-03 19:30:53.552,0.0228235,0.0339789,-0.00770473
871473,2025-02-03 19:30:53.557,0.0122947,0.0339704,-0.0322571
871474,2025-02-03 19:30:53.562,0.023235,0.0328033,-0.0708599
871475,2025-02-03 19:30:53.567,0.0483153,0.0436952,-0.0854568
871476,2025-02-03 19:30:53.571,0.0566754,0.0415385,-0.0975885
871477,2025-02-03 19:30:53.576,0.0817023,0.0335774,-0.0823479
871478,2025-02-03 19:30:53.581,0.105558,0.0482123,-0.0885868
871479,2025-02-03 19:30:53.586,0.143723,0.0366414,-0.112579
871480,2025-02-03 19:30:53.59,0.141419,0.0418231,-0.147062
871481,2025-02-03 19:30:53.595,0.15572,0.0469966,-0.172961
871482,2025-02-03 19:30:53.599,0.149678,0.0319116,-0.180827
871483,2025-02-03 19:30:53.604,0.122417,0.0253272,-0.187459
871484,2025-02-03 19:30:53.609,0.0679805,0.0174446,-0.205855
871485,2025-02-03 19:30:53.614,0.0173764,0.000104427,-0.22172
871486,2025-02-03 19:30:53.618,-0.0260728,-0.00755739,-0.232731
871487,2025-02-03 19:30:53.624,-0.0445921,-0.0330217,-0.241267
871488,2025-02-03 19:30:53.628,-0.0420156,-0.0595262,-0.23667
871489,2025-02-03 19:30:53.632,-0.0646748,-0.072799,-0.243975
871490,2025-02-03 19:30:53.637,-0.0635996,-0.0741537,-0.221526
871491,2025-02-03 19:30:53.642,-0.0413767,-0.0862556,-0.224179
871492,2025-02-03 19:30:53.647,-0.0369855,-0.0828657,-0.235097
871493,2025-02-03 19:30:53.652,-0.0110857,-0.0830503,-0.228119
871494,2025-02-03 19:30:53.656,0.018361,-0.0937886,-0.248537
871495,2025-02-03 19:30:53.661,0.0063329,-0.0900214,-0.279513
871496,2025-02-03 19:30:53.665,0.00878543,-0.074019,-0.306797
871497,2025-02-03 19:30:53.671,0.00306234,-0.0708833,-0.329206
871498,2025-02-03 19:30:53.675,-0.0215831,-0.0733294,-0.364613
871499,2025-02-03 19:30:53.679,-0.0471774,-0.0695121,-0.347593
871500,2025-02-03 19:30:53.684,-0.0858875,-0.0665503,-0.33322
871501,2025-02-03 19:30:53.689,-0.0900086,-0.0538671,-0.297686
871502,2025-02-03 19:30:53.694,-0.109784,-0.0492964,-0.268492
871503,2025-02-03 19:30:53.698,-0.0976235,-0.0528927,-0.218246
871504,2025-02-03 19:30:53.704,-0.077521,-0.0480647,-0.137589
871505,2025-02-03 19:30:53.708,-0.0602127,-0.0635703,-0.0504541
871506,2025-02-03 19:30:53.712,-0.045525,-0.0625789,0.0206032
871507,2025-02-03 19:30:53.717,-0.0356945,-0.0594594,0.100644
871508,2025-02-03 19:30:53.722,-0.0246422,-0.0674675,0.164728
871509,2025-02-03 19:30:53.727,-0.0301563,-0.0627589,0.218923
871510,2025-02-03 19:30:53.731,-0.0365589,-0.0799494,0.236034
871511,2025-02-03 19:30:53.737,-0.0461742,-0.0806375,0.224613
871512,2025-02-03 19:30:53.742,-0.0591014,-0.0839798,0.22288
871513,2025-02-03 19:30:53.745,-0.0610588,-0.0625269,0.179675
871514,2025-02-03 19:30:53.75,-0.0806598,-0.0615394,0.143991
871515,2025-02-03 19:30:53.755,-0.0975724,-0.0583782,0.122919
871516,2025-02-03 19:30:53.759,-0.104781,-0.0552931,0.0949192
871517,2025-02-03 19:30:53.765,-0.0883321,-0.0213223,0.0516987
871518,2025-02-03 19:30:53.769,-0.0711461,-0.0220642,0.0100174
871519,2025-02-03 19:30:53.774,-0.0269692,-0.00967383,0.00426674
871520,2025-02-03 19:30:53.778,0.0380851,-0.0270193,0.010416
871521,2025-02-03 19:30:53.784,0.0944786,-0.0265634,0.0106344
871522,2025-02-03 19:30:53.788,0.113934,-0.0297785,0.0358248
871523,2025-02-03 19:30:53.793,0.127624,-0.0200415,0.0264378
871524,2025-02-03 19:30:53.797,0.15119,-0.0295556,0.016016
871525,2025-02-03 19:30:53.802,0.117918,-0.0272424,-0.0298796
871526,2025-02-03 19:30:53.807,0.099466,-0.0298529,-0.0955095
871527,2025-02-03 19:30:53.812,0.066045,-0.0383928,-0.183128
871528,2025-02-03 19:30:53.816,0.0294058,-0.0396016,-0.286679
871529,2025-02-03 19:30:53.821,0.0118033,-0.0334003,-0.384721
871530,2025-02-03 19:30:53.825,-0.00371844,-0.0257187,-0.47139
871531,2025-02-03 19:30:53.831,-0.0149794,-0.0177524,-0.528984
871532,2025-02-03 19:30:53.836,-0.00921872,-0.00821638,-0.568474
871533,2025-02-03 19:30:53.84,0.0134223,0.00522518,-0.565068
871534,2025-02-03 19:30:53.845,0.0363533,0.0212846,-0.522663
871535,2025-02-03 19:30:53.85,0.0812834,0.0229905,-0.440269
871536,2025-02-03 19:30:53.855,0.112717,0.00925565,-0.341948
871537,2025-02-03 19:30:53.859,0.145271,-0.000959158,-0.272878
871538,2025-02-03 19:30:53.863,0.16707,-0.0136371,-0.209065
871539,2025-02-03 19:30:53.868,0.181817,-0.0310092,-0.181371
871540,2025-02-03 19:30:53.874,0.202744,-0.0555079,-0.158592
871541,2025-02-03 19:30:53.877,0.182415,-0.0716434,-0.134752
871542,2025-02-03 19:30:53.883,0.175835,-0.0722973,-0.146676
871543,2025-02-03 19:30:53.887,0.137835,-0.0883772,-0.17629
871544,2025-02-03 19:30:53.891,0.0933701,-0.0984056,-0.209199
871545,2025-02-03 19:30:53.896,0.0673564,-0.0976012,-0.24066
871546,2025-02-03 19:30:53.902,0.0107513,-0.097954,-0.259998
871547,2025-02-03 19:30:53.906,-0.0393528,-0.0827723,-0.302946
871548,2025-02-03 19:30:53.91,-0.0629053,-0.0806572,-0.332516
871549,2025-02-03 19:30:53.915,-0.075754,-0.0654681,-0.358297
871550,2025-02-03 19:30:53.92,-0.0496198,-0.0704947,-0.353039
871551,2025-02-03 19:30:53.925,-0.0526485,-0.0920703,-0.369215
871552,2025-02-03 19:30:53.93,-0.0429798,-0.083746,-0.368666
871553,2025-02-03 19:30:53.934,-0.0505216,-0.0790796,-0.370502
871554,2025-02-03 19:30:53.938,-0.0597256,-0.0722289,-0.343802
871555,2025-02-03 19:30:53.944,-0.0611655,-0.0689797,-0.306666
871556,2025-02-03 19:30:53.948,-0.0570887,-0.0610895,-0.288822
871557,2025-02-03 19:30:53.953,-0.0331814,-0.0663619,-0.274684
871558,2025-02-03 19:30:53.957,-0.0215935,-0.0572546,-0.244082
871559,2025-02-03 19:30:53.963,-0.00304064,-0.0682733,-0.213779
871560,2025-02-03 19:30:53.967,0.0119968,-0.0731196,-0.180209
871561,2025-02-03 19:30:53.971,0.0190064,-0.0551844,-0.14934
871562,2025-02-03 19:30:53.976,0.0205189,-0.050231,-0.117599
871563,2025-02-03 19:30:53.981,0.0178723,-0.0485568,-0.106393
871564,2025-02-03 19:30:53.986,-0.00190467,-0.054955,-0.0739727
871565,2025-02-03 19:30:53.99,-0.0184154,-0.0586731,-0.0549421
871566,2025-02-03 19:30:53.996,-0.0436918,-0.0645435,-0.0325527
871567,2025-02-03 19:30:54,-0.0873186,-0.0643523,-0.0139208
871568,2025-02-03 19:30:54.004,-0.122129,-0.0735102,0.0211306
871569,2025-02-03 19:30:54.01,-0.141104,-0.0887291,0.0345936
871570,2025-02-03 19:30:54.014,-0.16955,-0.0850472,0.0871859
871571,2025-02-03 19:30:54.019,-0.205998,-0.0829818,0.131164
871572,2025-02-03 19:30:54.024,-0.227919,-0.0695035,0.146431
871573,2025-02-03 19:30:54.028,-0.216685,-0.056731,0.147513
871574,2025-02-03 19:30:54.033,-0.216655,-0.0624514,0.119084
871575,2025-02-03 19:30:54.037,-0.19936,-0.0543387,0.106461
871576,2025-02-03 19:30:54.043,-0.173321,-0.0502453,0.0750542
871577,2025-02-03 19:30:54.048,-0.164676,-0.0250561,0.0320969
871578,2025-02-03 19:30:54.052,-0.111192,0.000876665,0.000252724
871579,2025-02-03 19:30:54.057,-0.0830292,0.00268722,-0.0348301
871580,2025-02-03 19:30:54.062,-0.038213,-0.00274563,-0.0897579
871581,2025-02-03 19:30:54.066,-0.00277156,-0.0198345,-0.128835
871582,2025-02-03 19:30:54.07,0.0055353,-0.0271444,-0.16524
871583,2025-02-03 19:30:54.075,-0.00349995,-0.0199428,-0.218012
871584,2025-02-03 19:30:54.08,-0.00835231,-0.0231385,-0.252634
871585,2025-02-03 19:30:54.084,-0.0127282,-0.0295548,-0.300114
871586,2025-02-03 19:30:54.089,-0.00729862,-0.0451257,-0.328288
871587,2025-02-03 19:30:54.095,-0.000537068,-0.0519831,-0.348003
871588,2025-02-03 19:30:54.099,-0.00222579,-0.0443478,-0.375928
871589,2025-02-03 19:30:54.103,0.0126627,-0.0508792,-0.351438
871590,2025-02-03 19:30:54.108,0.017596,-0.0550232,-0.334273
871591,2025-02-03 19:30:54.113,0.0197762,-0.0320492,-0.316003
871592,2025-02-03 19:30:54.118,0.0202694,-0.0546114,-0.280018
871593,2025-02-03 19:30:54.122,0.0107118,-0.0678506,-0.239485
871594,2025-02-03 19:30:54.128,-0.0182588,-0.0766327,-0.218167
871595,2025-02-03 19:30:54.132,-0.0202073,-0.0904708,-0.212351
871596,2025-02-03 19:30:54.136,-0.0273817,-0.1082,-0.220697
871597,2025-02-03 19:30:54.142,-0.0253048,-0.120197,-0.234804
871598,2025-02-03 19:30:54.147,-0.0210918,-0.126289,-0.27131
871599,2025-02-03 19:30:54.15,-0.00761181,-0.128895,-0.307477
871600,2025-02-03 19:30:54.155,0.00444523,-0.126621,-0.360002
871601,2025-02-03 19:30:54.16,0.0103459,-0.136031,-0.406222
871602,2025-02-03 19:30:54.165,0.0483003,-0.131872,-0.434395
871603,2025-02-03 19:30:54.169,0.066917,-0.134451,-0.445852
871604,2025-02-03 19:30:54.174,0.109098,-0.146113,-0.453783
871605,2025-02-03 19:30:54.179,0.128452,-0.120321,-0.4369
871606,2025-02-03 19:30:54.183,0.170532,-0.12632,-0.400125
871607,2025-02-03 19:30:54.188,0.208083,-0.123727,-0.372025
871608,2025-02-03 19:30:54.193,0.242303,-0.118398,-0.312218
871609,2025-02-03 19:30:54.198,0.251673,-0.12591,-0.277912
871610,2025-02-03 19:30:54.202,0.238668,-0.1177,-0.229713
871611,2025-02-03 19:30:54.208,0.185664,-0.113083,-0.160555
871612,2025-02-03 19:30:54.212,0.121451,-0.112122,-0.112126
871613,2025-02-03 19:30:54.216,0.0697457,-0.129267,-0.0746851
871614,2025-02-03 19:30:54.222,0.0326751,-0.126384,-0.0540781
871615,2025-02-03 19:30:54.226,0.0052821,-0.140553,-0.0394449
871616,2025-02-03 19:30:54.23,-0.01867,-0.141857,-0.052146
871617,2025-02-03 19:30:54.235,-0.0272934,-0.128112,-0.057497
871618,2025-02-03 19:30:54.24,-0.0256153,-0.119596,-0.0626974
871619,2025-02-03 19:30:54.246,-0.00771812,-0.0983453,-0.0820265
871620,2025-02-03 19:30:54.25,0.0335146,-0.0859125,-0.116525
871621,2025-02-03 19:30:54.254,0.0765564,-0.0678377,-0.156614
871622,2025-02-03 19:30:54.259,0.146529,-0.0547771,-0.195144
871623,2025-02-03 19:30:54.263,0.206503,-0.0298634,-0.233381
871624,2025-02-03 19:30:54.268,0.26276,0.0079298,-0.260613
871625,2025-02-03 19:30:54.274,0.301196,0.00635815,-0.324445
871626,2025-02-03 19:30:54.278,0.327772,0.0228717,-0.362893
871627,2025-02-03 19:30:54.283,0.330774,0.0123174,-0.418939
871628,2025-02-03 19:30:54.287,0.323406,0.0272474,-0.446175
871629,2025-02-03 19:30:54.292,0.300939,0.0246294,-0.47449
871630,2025-02-03 19:30:54.302,0.232376,0.0174513,-0.485814
871631,2025-02-03 19:30:54.306,0.206422,0.000845671,-0.472693
871632,2025-02-03 19:30:54.306,0.206422,0.000845671,-0.472693
871633,2025-02-03 19:30:54.312,0.161887,0.00131726,-0.439602
871634,2025-02-03 19:30:54.315,0.11892,-0.00639009,-0.384276
871635,2025-02-03 19:30:54.32,0.0821672,-0.0328887,-0.335395
871636,2025-02-03 19:30:54.325,0.0598555,-0.0413764,-0.270299
871637,2025-02-03 19:30:54.329,0.0452498,-0.033288,-0.208073
871638,2025-02-03 19:30:54.335,0.14194,-0.00027442,-0.278126
871639,2025-02-03 19:30:54.34,0.0595149,-0.0115802,-0.260941
871640,2025-02-03 19:30:54.344,0.0341795,-0.0872359,-0.023037
871641,2025-02-03 19:30:54.349,0.100299,-0.0640845,0.0289993
871642,2025-02-03 19:30:54.353,0.146537,-0.015502,-0.0260468
871643,2025-02-03 19:30:54.359,0.143305,-0.0306447,-0.0234995
871644,2025-02-03 19:30:54.363,0.176889,-0.0638211,0.0111942
871645,2025-02-03 19:30:54.367,0.189812,-0.0757191,0.0540276
871646,2025-02-03 19:30:54.372,0.157975,-0.0627949,-0.0126305
871647,2025-02-03 19:30:54.377,0.116378,-0.0379834,-0.125049
871648,2025-02-03 19:30:54.382,0.0790264,-0.00856304,-0.197372
871649,2025-02-03 19:30:54.386,0.0527435,-0.0040164,-0.219333
871650,2025-02-03 19:30:54.392,0.0350615,-0.0026567,-0.270921
871651,2025-02-03 19:30:54.395,0.023563,0.0109713,-0.319839
871652,2025-02-03 19:30:54.4,0.0204552,0.00584531,-0.329293
871653,2025-02-03 19:30:54.405,0.0432471,0.00578618,-0.313837
871654,2025-02-03 19:30:54.409,0.050188,-0.0108094,-0.264119
871655,2025-02-03 19:30:54.414,0.0700467,-0.0534058,-0.204127
871656,2025-02-03 19:30:54.42,0.0873327,-0.0662415,-0.137421
871657,2025-02-03 19:30:54.425,0.0535901,-0.0841811,-0.0604305
871658,2025-02-03 19:30:54.428,0.0153705,-0.102505,0.000665665
871659,2025-02-03 19:30:54.433,-0.0330995,-0.114203,0.0104246
871660,2025-02-03 19:30:54.438,-0.0667935,-0.107347,-0.0165129
871661,2025-02-03 19:30:54.442,-0.107223,-0.108158,-0.0822344
871662,2025-02-03 19:30:54.447,-0.148603,-0.0937302,-0.193641
871663,2025-02-03 19:30:54.452,-0.154304,-0.0639312,-0.300584
871664,2025-02-03 19:30:54.457,-0.161554,-0.0364568,-0.416244
871665,2025-02-03 19:30:54.461,-0.121903,-0.0145762,-0.522838
871666,2025-02-03 19:30:54.466,-0.0974101,0.0209458,-0.575397
871667,2025-02-03 19:30:54.471,-0.0723208,0.0402973,-0.583858
871668,2025-02-03 19:30:54.475,-0.0368654,0.0637536,-0.540254
871669,2025-02-03 19:30:54.481,0.0175379,0.0875702,-0.453269
871670,2025-02-03 19:30:54.486,0.0316955,0.085464,-0.355253
871671,2025-02-03 19:30:54.49,0.0320215,0.0682123,-0.24388
871672,2025-02-03 19:30:54.494,0.0400297,0.0427868,-0.144098
871673,2025-02-03 19:30:54.499,0.0128267,0.0317798,-0.0641146
871674,2025-02-03 19:30:54.504,-0.0364281,0.0100834,0.00218582
871675,2025-02-03 19:30:54.509,-0.063955,-0.0068891,0.0691881
871676,2025-02-03 19:30:54.513,-0.0962105,-0.029989,0.109621
871677,2025-02-03 19:30:54.518,-0.12373,-0.0438008,0.130851
871678,2025-02-03 19:30:54.523,-0.143007,-0.0448685,0.179338
871679,2025-02-03 19:30:54.527,-0.163563,-0.0701559,0.201461
871680,2025-02-03 19:30:54.532,-0.171,-0.0649781,0.215288
871681,2025-02-03 19:30:54.537,-0.170201,-0.0699203,0.226812
871682,2025-02-03 19:30:54.542,-0.181455,-0.0717084,0.220579
871683,2025-02-03 19:30:54.546,-0.190482,-0.0668311,0.207423
871684,2025-02-03 19:30:54.552,-0.21734,-0.064749,0.180255
871685,2025-02-03 19:30:54.556,-0.209484,-0.0559967,0.14159
871686,2025-02-03 19:30:54.56,-0.182513,-0.067807,0.095046
871687,2025-02-03 19:30:54.565,-0.144956,-0.0772779,0.03232
871688,2025-02-03 19:30:54.57,-0.13485,-0.0735357,-0.056016
871689,2025-02-03 19:30:54.575,-0.11173,-0.0625298,-0.129427
871690,2025-02-03 19:30:54.58,-0.121946,-0.0595026,-0.217796
871691,2025-02-03 19:30:54.584,-0.0927086,-0.0431182,-0.293658
871692,2025-02-03 19:30:54.588,-0.0849053,-0.0312507,-0.342889
871693,2025-02-03 19:30:54.593,-0.0436566,-0.0153458,-0.38002
871694,2025-02-03 19:30:54.598,-0.0263399,-0.0205419,-0.396789
871695,2025-02-03 19:30:54.604,-0.0102866,-0.0122485,-0.42779
871696,2025-02-03 19:30:54.607,-0.014739,-0.00950766,-0.431387
871697,2025-02-03 19:30:54.612,-0.00878826,-0.0135787,-0.420832
871698,2025-02-03 19:30:54.617,-0.00810304,-0.0208702,-0.395051
871699,2025-02-03 19:30:54.621,-0.0174007,-0.0207839,-0.3482
871700,2025-02-03 19:30:54.626,-0.024777,-0.0158162,-0.263816
871701,2025-02-03 19:30:54.631,-0.0217118,-0.00499415,-0.178946
871702,2025-02-03 19:30:54.637,-0.0330345,-0.00636721,-0.0947075
871703,2025-02-03 19:30:54.64,-0.0191397,-0.0340927,-0.0217657
871704,2025-02-03 19:30:54.646,0.00464788,-0.0358028,0.0257692
871705,2025-02-03 19:30:54.651,0.00144213,-0.035388,0.0706387
871706,2025-02-03 19:30:54.654,0.00607398,-0.0246675,0.0986643
871707,2025-02-03 19:30:54.659,-0.00537577,-0.0236926,0.0505562
871708,2025-02-03 19:30:54.665,-0.00803605,-0.0143824,-0.00782871
871709,2025-02-03 19:30:54.669,0.0108116,0.0103846,-0.070507
871710,2025-02-03 19:30:54.674,0.0153061,0.0340154,-0.141056
871711,2025-02-03 19:30:54.679,0.0351231,0.041281,-0.199299
871712,2025-02-03 19:30:54.683,0.0818501,0.0404696,-0.217987
871713,2025-02-03 19:30:54.687,0.120948,0.0636435,-0.219986
871714,2025-02-03 19:30:54.692,0.134641,0.0797837,-0.191204
871715,2025-02-03 19:30:54.698,0.153028,0.0791404,-0.149591
871716,2025-02-03 19:30:54.703,0.154922,0.0809829,-0.117847
871717,2025-02-03 19:30:54.707,0.180987,0.0769453,-0.118423
871718,2025-02-03 19:30:54.711,0.210557,0.0325773,-0.13798
871719,2025-02-03 19:30:54.717,0.150689,-0.012763,-0.125278
871720,2025-02-03 19:30:54.72,0.0813777,-0.00212479,-0.0948296
871721,2025-02-03 19:30:54.725,0.000185639,0.00694776,-0.0882998
871722,2025-02-03 19:30:54.731,-0.0608922,-0.000818491,-0.0996113
871723,2025-02-03 19:30:54.735,-0.110387,-0.0360637,-0.0858488
871724,2025-02-03 19:30:54.74,-0.124653,-0.0475857,-0.063818
871725,2025-02-03 19:30:54.744,-0.115574,-0.067673,-0.0228786
871726,2025-02-03 19:30:54.749,-0.0984875,-0.067816,-0.00470924
871727,2025-02-03 19:30:54.753,-0.0637059,-0.06709,0.0039196
871728,2025-02-03 19:30:54.758,-0.00539532,-0.0605876,-0.0040884
871729,2025-02-03 19:30:54.764,0.0479655,-0.0458012,-0.0452671
871730,2025-02-03 19:30:54.768,0.095277,-0.0132461,-0.0742464
871731,2025-02-03 19:30:54.772,0.103676,0.0385077,-0.135173
871732,2025-02-03 19:30:54.777,0.0641724,0.0617969,-0.211143
871733,2025-02-03 19:30:54.782,0.11314,0.0283573,-0.243882
871734,2025-02-03 19:30:54.786,0.143189,0.0111246,-0.21833
871735,2025-02-03 19:30:54.791,0.111889,0.0121963,-0.234634
871736,2025-02-03 19:30:54.796,0.0514698,0.0492229,-0.223605
871737,2025-02-03 19:30:54.8,-0.00620669,0.0385385,-0.1759
871738,2025-02-03 19:30:54.805,-0.0423298,0.0149198,-0.144046
871739,2025-02-03 19:30:54.81,-0.060621,0.0115511,-0.10649
871740,2025-02-03 19:30:54.815,-0.0697108,-0.0252767,-0.0893612
871741,2025-02-03 19:30:54.82,-0.0579354,-0.0430932,-0.0687389
871742,2025-02-03 19:30:54.825,-0.0398404,-0.0576608,-0.0339174
871743,2025-02-03 19:30:54.829,-0.0143367,-0.0486608,-0.00999928
871744,2025-02-03 19:30:54.834,0.036402,-0.0221543,0.0197048
871745,2025-02-03 19:30:54.839,0.0697502,-0.0258629,0.0255136
871746,2025-02-03 19:30:54.844,0.104062,-0.0309892,0.0491676
871747,2025-02-03 19:30:54.848,0.124272,-0.0278468,0.0607986
871748,2025-02-03 19:30:54.852,0.149572,-0.0520608,0.0331879
871749,2025-02-03 19:30:54.858,0.168167,-0.0735426,0.00221825
871750,2025-02-03 19:30:54.863,0.143345,-0.0732734,-0.026165
871751,2025-02-03 19:30:54.867,0.0742168,-0.0489278,-0.0722065
871752,2025-02-03 19:30:54.871,-0.0178238,-0.0562639,-0.113298
871753,2025-02-03 19:30:54.877,-0.0484614,-0.0596523,-0.103107
871754,2025-02-03 19:30:54.88,-0.0537844,-0.0828536,-0.0919237
871755,2025-02-03 19:30:54.885,-0.0388549,-0.105724,-0.0844364
871756,2025-02-03 19:30:54.89,-0.0155824,-0.0904291,-0.0318928
871757,2025-02-03 19:30:54.895,-0.0317394,-0.0528407,0.0368738
871758,2025-02-03 19:30:54.899,-0.0444171,-0.0349882,0.0565319
871759,2025-02-03 19:30:54.904,0.010345,-0.0236151,0.0761461
871760,2025-02-03 19:30:54.909,0.0643612,-0.0282218,0.0850525
871761,2025-02-03 19:30:54.913,0.114158,-0.0259967,0.0761805
871762,2025-02-03 19:30:54.918,0.13374,-0.027761,0.0520802
871763,2025-02-03 19:30:54.924,0.131602,-0.0143945,0.0104733
871764,2025-02-03 19:30:54.929,0.117407,-0.000241041,-0.0532541
871765,2025-02-03 19:30:54.932,0.107966,-0.000496149,-0.104568
871766,2025-02-03 19:30:54.938,0.075886,-0.0126159,-0.174455
871767,2025-02-03 19:30:54.942,0.0570726,-0.0196691,-0.242646
871768,2025-02-03 19:30:54.946,0.0348234,-0.0192447,-0.290188
871769,2025-02-03 19:30:54.951,0.0388888,-0.0114167,-0.318435
871770,2025-02-03 19:30:54.957,0.0656464,-0.021039,-0.347767
871771,2025-02-03 19:30:54.961,0.0756521,-0.0219457,-0.335412
871772,2025-02-03 19:30:54.966,0.0727603,-0.0225461,-0.325624
871773,2025-02-03 19:30:54.971,0.0702397,-0.0158014,-0.286303
871774,2025-02-03 19:30:54.975,0.0583514,-0.0149136,-0.278213
871775,2025-02-03 19:30:54.979,0.0490401,-0.0376668,-0.271407
871776,2025-02-03 19:30:54.985,0.0445092,-0.0423038,-0.280135
871777,2025-02-03 19:30:54.989,0.0480869,-0.0609717,-0.287668
871778,2025-02-03 19:30:54.995,0.0228747,-0.0496616,-0.253651
871779,2025-02-03 19:30:54.998,-0.00129169,-0.0477931,-0.229475
871780,2025-02-03 19:30:55.003,-0.0124147,-0.0388713,-0.179375
871781,2025-02-03 19:30:55.008,-0.00328752,-0.0408008,-0.127287
871782,2025-02-03 19:30:55.012,0.0295367,-0.0594535,-0.0767794
871783,2025-02-03 19:30:55.018,0.0702181,-0.0745783,-0.0657663
871784,2025-02-03 19:30:55.022,0.131681,-0.0361662,-0.178264
871785,2025-02-03 19:30:55.028,0.0989903,-0.0893729,-0.164067
871786,2025-02-03 19:30:55.032,0.0752043,-0.154157,-0.00039959
871787,2025-02-03 19:30:55.036,0.0853308,-0.135499,-0.0160742
871788,2025-02-03 19:30:55.041,0.0287755,-0.0827739,-0.0778093
871789,2025-02-03 19:30:55.045,-0.0574609,-0.0852985,-0.110446
871790,2025-02-03 19:30:55.051,-0.102713,-0.118892,-0.128494
871791,2025-02-03 19:30:55.056,-0.149255,-0.138068,-0.128568
871792,2025-02-03 19:30:55.059,-0.197046,-0.136787,-0.192799
871793,2025-02-03 19:30:55.064,-0.223403,-0.105692,-0.320658
871794,2025-02-03 19:30:55.069,-0.23122,-0.0781255,-0.377535
871795,2025-02-03 19:30:55.074,-0.188966,-0.0634248,-0.383072
871796,2025-02-03 19:30:55.079,-0.127583,-0.0281279,-0.387583
871797,2025-02-03 19:30:55.084,-0.0481373,0.00964761,-0.363711
871798,2025-02-03 19:30:55.088,0.0413351,0.0190063,-0.321173
871799,2025-02-03 19:30:55.092,0.124421,0.0344579,-0.204269
871800,2025-02-03 19:30:55.098,0.177608,0.0356879,-0.108551
871801,2025-02-03 19:30:55.103,0.204836,0.013171,-0.0254803
871802,2025-02-03 19:30:55.108,0.202737,-0.00562692,0.0628662
871803,2025-02-03 19:30:55.111,0.147803,-0.0317066,0.119739
871804,2025-02-03 19:30:55.117,0.0937074,-0.0542653,0.192855
871805,2025-02-03 19:30:55.121,0.038998,-0.0901198,0.23939
871806,2025-02-03 19:30:55.125,-0.0509373,-0.118962,0.25362
871807,2025-02-03 19:30:55.13,-0.122345,-0.138629,0.251296
871808,2025-02-03 19:30:55.136,-0.157758,-0.144571,0.244459
871809,2025-02-03 19:30:55.14,-0.16585,-0.145233,0.241461
871810,2025-02-03 19:30:55.145,-0.146907,-0.157309,0.230407
871811,2025-02-03 19:30:55.15,-0.102183,-0.107052,0.176926
871812,2025-02-03 19:30:55.154,-0.0329144,-0.1041,0.0967817
871813,2025-02-03 19:30:55.158,0.0498503,-0.0908716,-0.0181866
871814,2025-02-03 19:30:55.164,0.135333,-0.0364699,-0.101252
871815,2025-02-03 19:30:55.168,0.194996,-0.0052278,-0.204947
871816,2025-02-03 19:30:55.174,0.239887,0.035408,-0.291209
871817,2025-02-03 19:30:55.177,0.265556,0.0544937,-0.406474
871818,2025-02-03 19:30:55.183,0.284193,0.0619092,-0.494769
871819,2025-02-03 19:30:55.188,0.279411,0.0780373,-0.572966
871820,2025-02-03 19:30:55.192,0.272701,0.0757108,-0.644783
871821,2025-02-03 19:30:55.196,0.23653,0.0742288,-0.723392
871822,2025-02-03 19:30:55.201,0.193592,0.0724323,-0.752957
871823,2025-02-03 19:30:55.205,0.137048,0.0630138,-0.762311
871824,2025-02-03 19:30:55.21,0.0845806,0.0423305,-0.700536
871825,2025-02-03 19:30:55.216,0.0109502,0.0113573,-0.56457
871826,2025-02-03 19:30:55.22,0.0670843,-0.0214882,-0.483205
871827,2025-02-03 19:30:55.224,0.0475238,-0.0656941,-0.600809
871828,2025-02-03 19:30:55.229,0.0288774,-0.125981,-0.509768
871829,2025-02-03 19:30:55.234,-0.0333001,-0.147724,-0.427846
871830,2025-02-03 19:30:55.239,-0.0967413,-0.127702,-0.372755
871831,2025-02-03 19:30:55.243,-0.132414,-0.137702,-0.319254
871832,2025-02-03 19:30:55.248,-0.150042,-0.165712,-0.269666
871833,2025-02-03 19:30:55.254,-0.128443,-0.206847,-0.189529
871834,2025-02-03 19:30:55.257,-0.109465,-0.246889,-0.131288
871835,2025-02-03 19:30:55.263,-0.117792,-0.245352,-0.112599
871836,2025-02-03 19:30:55.268,-0.149473,-0.234622,-0.135506
871837,2025-02-03 19:30:55.271,-0.173616,-0.224178,-0.136783
871838,2025-02-03 19:30:55.276,-0.205987,-0.204457,-0.159377
871839,2025-02-03 19:30:55.281,-0.205107,-0.201447,-0.205559
871840,2025-02-03 19:30:55.286,-0.181894,-0.199468,-0.251422
871841,2025-02-03 19:30:55.291,-0.18515,-0.181866,-0.267302
871842,2025-02-03 19:30:55.295,-0.167189,-0.1809,-0.236801
871843,2025-02-03 19:30:55.301,-0.15782,-0.154766,-0.207829
871844,2025-02-03 19:30:55.304,-0.145906,-0.135923,-0.168421
871845,2025-02-03 19:30:55.309,-0.123183,-0.138688,-0.124557
871846,2025-02-03 19:30:55.315,-0.109888,-0.146341,-0.0809946
871847,2025-02-03 19:30:55.319,-0.0905583,-0.165967,-0.0401068
871848,2025-02-03 19:30:55.324,-0.0807702,-0.160744,0.00527382
871849,2025-02-03 19:30:55.329,-0.0947009,-0.159309,0.0349073
871850,2025-02-03 19:30:55.334,-0.116869,-0.152372,0.0335655
871851,2025-02-03 19:30:55.338,-0.143624,-0.135171,0.0620317
871852,2025-02-03 19:30:55.342,-0.141701,-0.139935,0.0595427
871853,2025-02-03 19:30:55.347,-0.119669,-0.12852,0.0477314
871854,2025-02-03 19:30:55.352,-0.0882879,-0.124734,0.0183516
871855,2025-02-03 19:30:55.356,-0.0632091,-0.0988226,-0.0320244
871856,2025-02-03 19:30:55.361,-0.0550472,-0.0948465,-0.103236
871857,2025-02-03 19:30:55.366,-0.0233325,-0.0591099,-0.179708
871858,2025-02-03 19:30:55.37,0.00332394,-0.0356462,-0.267382
871859,2025-02-03 19:30:55.376,0.0427123,-0.030262,-0.350739
871860,2025-02-03 19:30:55.38,0.0709894,-0.00695157,-0.442956
871861,2025-02-03 19:30:55.384,0.0989268,0.00807595,-0.529732
871862,2025-02-03 19:30:55.389,0.128835,0.0102334,-0.589778
871863,2025-02-03 19:30:55.394,0.163201,0.0234816,-0.66015
871864,2025-02-03 19:30:55.399,0.207861,0.0156908,-0.731268
871865,2025-02-03 19:30:55.404,0.231893,0.0250494,-0.765154
871866,2025-02-03 19:30:55.408,0.240251,0.0264618,-0.764479
871867,2025-02-03 19:30:55.413,0.25082,0.00695992,-0.743786
871868,2025-02-03 19:30:55.417,0.262325,-0.00725913,-0.71746
871869,2025-02-03 19:30:55.423,0.233533,-0.00320792,-0.691463
871870,2025-02-03 19:30:55.427,0.220488,0.00112414,-0.67172
871871,2025-02-03 19:30:55.432,0.177941,-0.0227709,-0.634432
871872,2025-02-03 19:30:55.437,0.139354,-0.0273769,-0.604607
871873,2025-02-03 19:30:55.441,0.104496,-0.0447078,-0.546646
871874,2025-02-03 19:30:55.446,0.0769497,-0.0664349,-0.498736
871875,2025-02-03 19:30:55.451,0.0483708,-0.0902402,-0.467887
871876,2025-02-03 19:30:55.455,0.0330355,-0.0947423,-0.432584
871877,2025-02-03 19:30:55.461,0.0105909,-0.0989978,-0.389339
871878,2025-02-03 19:30:55.465,-0.0012376,-0.0997291,-0.331007
871879,2025-02-03 19:30:55.469,0.0141677,-0.105312,-0.271944
871880,2025-02-03 19:30:55.475,-6.85751e-05,-0.100183,-0.213362
871881,2025-02-03 19:30:55.479,0.0170561,-0.0989475,-0.180083
871882,2025-02-03 19:30:55.484,0.00818664,-0.0811589,-0.166049
871883,2025-02-03 19:30:55.489,0.0183932,-0.0767233,-0.165137
871884,2025-02-03 19:30:55.494,0.0462155,-0.0841446,-0.152386
871885,2025-02-03 19:30:55.498,0.0581537,-0.0712278,-0.157584
871886,2025-02-03 19:30:55.502,0.0602454,-0.0606861,-0.141418
871887,2025-02-03 19:30:55.507,0.0704965,-0.0608454,-0.104045
871888,2025-02-03 19:30:55.512,0.0688486,-0.0408847,-0.072897
871889,2025-02-03 19:30:55.516,0.0733163,-0.052083,-0.0348358
871890,2025-02-03 19:30:55.521,0.0648781,-0.0502744,-0.000599861
871891,2025-02-03 19:30:55.526,0.0555865,-0.0594122,0.0120754
871892,2025-02-03 19:30:55.53,0.0465929,-0.0591152,0.0365696
871893,2025-02-03 19:30:55.536,0.039138,-0.0709786,0.0490942
871894,2025-02-03 19:30:55.541,0.00703269,-0.071167,0.0426254
871895,2025-02-03 19:30:55.545,-0.00688791,-0.0679982,0.0244112
871896,2025-02-03 19:30:55.55,-0.0264339,-0.0675251,-0.0113535
871897,2025-02-03 19:30:55.555,-0.0339236,-0.0601087,-0.0420141
871898,2025-02-03 19:30:55.559,-0.0343693,-0.0754411,-0.0795012
871899,2025-02-03 19:30:55.563,-0.0326782,-0.0907974,-0.129693
871900,2025-02-03 19:30:55.569,-0.0227974,-0.0835764,-0.164005
871901,2025-02-03 19:30:55.573,-0.013056,-0.0907536,-0.198002
871902,2025-02-03 19:30:55.578,-0.00214291,-0.0670855,-0.198448
871903,2025-02-03 19:30:55.582,0.0172303,-0.0626724,-0.222603
871904,2025-02-03 19:30:55.587,0.0248258,-0.0749784,-0.25246
871905,2025-02-03 19:30:55.593,0.0267827,-0.0539813,-0.29629
871906,2025-02-03 19:30:55.596,0.0275874,-0.0424507,-0.350502
871907,2025-02-03 19:30:55.601,0.0473474,-0.0415378,-0.394821
871908,2025-02-03 19:30:55.606,0.0490301,-0.0557685,-0.441246
871909,2025-02-03 19:30:55.611,0.0351962,-0.0613036,-0.461261
871910,2025-02-03 19:30:55.616,0.0297291,-0.0654311,-0.457424
871911,2025-02-03 19:30:55.62,0.0313815,-0.0931439,-0.456038
871912,2025-02-03 19:30:55.625,0.00681156,-0.102672,-0.441655
871913,2025-02-03 19:30:55.63,-0.00700563,-0.105025,-0.403648
871914,2025-02-03 19:30:55.635,-0.0339843,-0.130036,-0.378983
871915,2025-02-03 19:30:55.639,-0.0645573,-0.147944,-0.330716
871916,2025-02-03 19:30:55.645,-0.0783826,-0.159879,-0.303
871917,2025-02-03 19:30:55.648,-0.0839224,-0.146991,-0.287322
871918,2025-02-03 19:30:55.654,-0.0897166,-0.146238,-0.27767
871919,2025-02-03 19:30:55.659,-0.0826269,-0.120662,-0.315557
871920,2025-02-03 19:30:55.662,-0.0794355,-0.108331,-0.340091
871921,2025-02-03 19:30:55.667,-0.0302326,-0.081728,-0.368032
871922,2025-02-03 19:30:55.672,0.0301566,-0.068048,-0.394681
871923,2025-02-03 19:30:55.677,0.112421,-0.0267763,-0.411751
871924,2025-02-03 19:30:55.681,0.165376,-0.0055058,-0.39087
871925,2025-02-03 19:30:55.686,0.198942,0.0172889,-0.354898
871926,2025-02-03 19:30:55.692,0.213405,0.0569592,-0.28138
871927,2025-02-03 19:30:55.695,0.241301,0.0610566,-0.193146
871928,2025-02-03 19:30:55.7,0.24831,0.054518,-0.091403
871929,2025-02-03 19:30:55.706,0.23229,0.0468729,0.0225677
871930,2025-02-03 19:30:55.71,0.175601,0.00347328,0.125001
871931,2025-02-03 19:30:55.715,0.116446,-0.0363433,0.178043
871932,2025-02-03 19:30:55.719,0.0357105,-0.0501254,0.205869
871933,2025-02-03 19:30:55.724,-0.0312394,-0.0617731,0.205092
871934,2025-02-03 19:30:55.728,-0.0989648,-0.0858023,0.191458
871935,2025-02-03 19:30:55.733,-0.152187,-0.0887136,0.137715
871936,2025-02-03 19:30:55.738,-0.162849,-0.0872533,0.0987749
871937,2025-02-03 19:30:55.742,-0.146855,-0.0862787,0.0638494
871938,2025-02-03 19:30:55.747,-0.11982,-0.0714576,0.0293179
871939,2025-02-03 19:30:55.752,-0.0507556,-0.0548093,-0.00124359
871940,2025-02-03 19:30:55.757,0.0316071,-0.0446014,-0.0338182
871941,2025-02-03 19:30:55.761,0.101393,-0.0467057,-0.0826216
871942,2025-02-03 19:30:55.766,0.161135,-0.0335836,-0.130942
871943,2025-02-03 19:30:55.772,0.189727,-0.020504,-0.180061
871944,2025-02-03 19:30:55.775,0.183995,-0.0157897,-0.246582
871945,2025-02-03 19:30:55.781,0.167914,-0.0109088,-0.339907
871946,2025-02-03 19:30:55.786,0.136779,-0.0223241,-0.420695
871947,2025-02-03 19:30:55.791,0.115657,-0.0284314,-0.493833
871948,2025-02-03 19:30:55.794,0.0735398,-0.0635614,-0.560616
871949,2025-02-03 19:30:55.8,0.0259645,-0.0752971,-0.604466
871950,2025-02-03 19:30:55.804,-0.00329971,-0.0828278,-0.623199
871951,2025-02-03 19:30:55.809,-0.0228582,-0.0944588,-0.612294
871952,2025-02-03 19:30:55.813,-0.0494678,-0.103205,-0.580252
871953,2025-02-03 19:30:55.819,-0.0557145,-0.103297,-0.537885
871954,2025-02-03 19:30:55.824,-0.0466252,-0.111451,-0.497144
871955,2025-02-03 19:30:55.827,-0.059018,-0.137334,-0.451999
871956,2025-02-03 19:30:55.832,-0.0631937,-0.145233,-0.407225
871957,2025-02-03 19:30:55.838,-0.0605463,-0.132977,-0.352121
871958,2025-02-03 19:30:55.841,-0.0855833,-0.148246,-0.30932
871959,2025-02-03 19:30:55.846,-0.096583,-0.142125,-0.259733
871960,2025-02-03 19:30:55.851,-0.138666,-0.138746,-0.212842
871961,2025-02-03 19:30:55.856,-0.147381,-0.136785,-0.159159
871962,2025-02-03 19:30:55.86,-0.158358,-0.14104,-0.137885
871963,2025-02-03 19:30:55.865,-0.165673,-0.122802,-0.132188
871964,2025-02-03 19:30:55.87,-0.172926,-0.11667,-0.138381
871965,2025-02-03 19:30:55.874,-0.17773,-0.12247,-0.157577
871966,2025-02-03 19:30:55.88,-0.181336,-0.116214,-0.176658
871967,2025-02-03 19:30:55.884,-0.16111,-0.0884237,-0.198025
871968,2025-02-03 19:30:55.889,-0.130203,-0.0903089,-0.190795
871969,2025-02-03 19:30:55.893,-0.0900963,-0.0729656,-0.184885
871970,2025-02-03 19:30:55.898,-0.0585118,-0.0555954,-0.141091
871971,2025-02-03 19:30:55.904,-0.0211652,-0.0642586,-0.0894222
871972,2025-02-03 19:30:55.908,-0.0171212,-0.056175,-0.042943
871973,2025-02-03 19:30:55.912,-0.00332934,-0.0647488,0.00196457
871974,2025-02-03 19:30:55.917,-0.0154608,-0.063792,0.0631399
871975,2025-02-03 19:30:55.922,-0.0332061,-0.0866599,0.0965357
871976,2025-02-03 19:30:55.926,-0.0530641,-0.0892918,0.127328
871977,2025-02-03 19:30:55.931,-0.102506,-0.0861151,0.154348
871978,2025-02-03 19:30:55.937,-0.138575,-0.0867982,0.184792
871979,2025-02-03 19:30:55.941,-0.15543,-0.0855556,0.225809
871980,2025-02-03 19:30:55.945,-0.173397,-0.103762,0.226267
871981,2025-02-03 19:30:55.95,-0.176898,-0.0866179,0.232795
871982,2025-02-03 19:30:55.954,-0.161409,-0.0771575,0.206164
871983,2025-02-03 19:30:55.96,-0.159156,-0.0741262,0.164458
871984,2025-02-03 19:30:55.965,-0.12736,-0.0594923,0.119614
871985,2025-02-03 19:30:55.969,-0.0876372,-0.047549,0.0562086
871986,2025-02-03 19:30:55.973,-0.0448012,-0.0394382,-0.0042429
871987,2025-02-03 19:30:55.978,0.00587749,-0.0242689,-0.0630083
871988,2025-02-03 19:30:55.983,0.0585547,-0.0102651,-0.139136
871989,2025-02-03 19:30:55.988,0.0763437,-0.0129879,-0.186143
871990,2025-02-03 19:30:55.992,0.115264,0.00233436,-0.228084
871991,2025-02-03 19:30:55.998,0.134955,-0.00954509,-0.272119
871992,2025-02-03 19:30:56.001,0.145106,-0.000821114,-0.31114
871993,2025-02-03 19:30:56.006,0.151817,-0.00382686,-0.334467
871994,2025-02-03 19:30:56.012,0.14923,0.000660896,-0.361266
871995,2025-02-03 19:30:56.016,0.159821,-0.0147507,-0.385569
871996,2025-02-03 19:30:56.02,0.151368,-0.0142345,-0.409786
871997,2025-02-03 19:30:56.025,0.128749,-0.0312009,-0.407795
871998,2025-02-03 19:30:56.03,0.0886543,-0.031105,-0.403541
871999,2025-02-03 19:30:56.035,0.0727001,-0.0344155,-0.376815
872000,2025-02-03 19:30:56.039,0.0412917,-0.0398407,-0.361077
872001,2025-02-03 19:30:56.044,0.0313224,-0.0486672,-0.357386
872002,2025-02-03 19:30:56.05,0.0152465,-0.0454984,-0.316951
872003,2025-02-03 19:30:56.053,-0.0189023,-0.0529401,-0.286396
872004,2025-02-03 19:30:56.059,-0.0363925,-0.0533419,-0.252495
872005,2025-02-03 19:30:56.064,-0.064675,-0.060981,-0.211722
872006,2025-02-03 19:30:56.067,-0.0989701,-0.0960858,-0.161731
872007,2025-02-03 19:30:56.072,-0.117857,-0.0942614,-0.116859
872008,2025-02-03 19:30:56.077,-0.108396,-0.106911,-0.0924845
872009,2025-02-03 19:30:56.082,-0.083848,-0.083993,-0.07302
872010,2025-02-03 19:30:56.087,-0.0573184,-0.0803783,-0.0548706
872011,2025-02-03 19:30:56.091,-0.023681,-0.0697875,-0.0570078
872012,2025-02-03 19:30:56.097,0.00038287,-0.0627658,-0.0650816
872013,2025-02-03 19:30:56.1,0.0316911,-0.0581222,-0.0742817
872014,2025-02-03 19:30:56.106,0.0559648,-0.0403235,-0.104804
872015,2025-02-03 19:30:56.11,0.0744488,-0.018744,-0.11619
872016,2025-02-03 19:30:56.115,0.065842,-0.0053637,-0.121625
872017,2025-02-03 19:30:56.119,0.0528552,-5.05447e-05,-0.136618
872018,2025-02-03 19:30:56.125,0.0449269,0.0138936,-0.138539
872019,2025-02-03 19:30:56.129,0.0229917,0.00554633,-0.126316
872020,2025-02-03 19:30:56.133,0.0107745,0.00218654,-0.101192
872021,2025-02-03 19:30:56.138,-0.0202088,0.0131648,-0.0537367
872022,2025-02-03 19:30:56.144,-0.0412129,-0.004426,0.0146942
872023,2025-02-03 19:30:56.148,-0.0606642,-0.0220647,0.0778751
872024,2025-02-03 19:30:56.153,-0.0751215,-0.0373812,0.114482
872025,2025-02-03 19:30:56.158,-0.106144,-0.0566146,0.162809
872026,2025-02-03 19:30:56.162,-0.127736,-0.0536206,0.190701
872027,2025-02-03 19:30:56.167,-0.138842,-0.0391753,0.197109
872028,2025-02-03 19:30:56.171,-0.126706,-0.0312483,0.201217
872029,2025-02-03 19:30:56.176,-0.0641572,-0.0190449,0.200659
872030,2025-02-03 19:30:56.181,-0.0143622,-0.00733161,0.191909
872031,2025-02-03 19:30:56.185,0.0311874,0.000349283,0.180968
872032,2025-02-03 19:30:56.19,0.078683,0.02544,0.161917
872033,2025-02-03 19:30:56.195,0.114098,0.0252836,0.146628
872034,2025-02-03 19:30:56.2,0.149472,0.0417683,0.0970421
872035,2025-02-03 19:30:56.204,0.171977,0.0511036,0.0347919
872036,2025-02-03 19:30:56.209,0.186447,0.0522249,-0.0198584
872037,2025-02-03 19:30:56.213,0.172745,0.056052,-0.0883951
872038,2025-02-03 19:30:56.219,0.145297,0.0863373,-0.142224
872039,2025-02-03 19:30:56.223,0.123125,0.0990438,-0.172009
872040,2025-02-03 19:30:56.228,0.127278,0.100267,-0.221886
872041,2025-02-03 19:30:56.232,0.110978,0.109018,-0.231128
872042,2025-02-03 19:30:56.238,0.0825546,0.147724,-0.207179
872043,2025-02-03 19:30:56.242,0.099182,0.166074,-0.1823
872044,2025-02-03 19:30:56.247,0.155804,0.17024,-0.148207
872045,2025-02-03 19:30:56.251,0.185594,0.157725,-0.0918427
872046,2025-02-03 19:30:56.256,0.213629,0.159531,-0.0311975
872047,2025-02-03 19:30:56.261,0.226723,0.146883,0.0610428
872048,2025-02-03 19:30:56.265,0.254968,0.131758,0.162074
872049,2025-02-03 19:30:56.271,0.261597,0.121153,0.227954
872050,2025-02-03 19:30:56.275,0.254269,0.110229,0.29936
872051,2025-02-03 19:30:56.28,0.213076,0.0881703,0.322878
872052,2025-02-03 19:30:56.285,0.200037,0.0516777,0.348708
872053,2025-02-03 19:30:56.289,0.182817,0.0305307,0.321044
872054,2025-02-03 19:30:56.295,0.148238,0.0128179,0.268787
872055,2025-02-03 19:30:56.298,0.0654405,0.00817418,0.200394
872056,2025-02-03 19:30:56.304,0.0236221,0.0106344,0.143272
872057,2025-02-03 19:30:56.308,0.0235345,0.0285494,0.0830469
872058,2025-02-03 19:30:56.312,-0.0112682,0.0144372,0.0446281
872059,2025-02-03 19:30:56.317,0.0134443,0.0219364,-0.0125093
872060,2025-02-03 19:30:56.322,0.0213548,0.0472929,-0.0371552
872061,2025-02-03 19:30:56.327,0.0446053,0.0677285,-0.0319319
872062,2025-02-03 19:30:56.331,0.0854722,0.095053,-0.0386028
872063,2025-02-03 19:30:56.337,0.10946,0.106814,-0.0583029
872064,2025-02-03 19:30:56.341,0.143902,0.104174,-0.0481443
872065,2025-02-03 19:30:56.345,0.156514,0.108675,-0.0273914
872066,2025-02-03 19:30:56.351,0.149831,0.135805,-0.0329676
872067,2025-02-03 19:30:56.356,0.118013,0.123412,-0.00997353
872068,2025-02-03 19:30:56.359,0.111127,0.114586,0.0270987
872069,2025-02-03 19:30:56.364,0.101841,0.116431,0.0591402
872070,2025-02-03 19:30:56.37,0.110464,0.0968199,0.0707598
872071,2025-02-03 19:30:56.375,0.100305,0.0975561,0.0834751
872072,2025-02-03 19:30:56.379,0.0845725,0.0898485,0.0640821
872073,2025-02-03 19:30:56.383,0.0644041,0.0702577,0.0650625
872074,2025-02-03 19:30:56.389,0.0458071,0.0462911,0.0481644
872075,2025-02-03 19:30:56.392,0.0203246,0.0442555,0.0241671
872076,2025-02-03 19:30:56.397,-0.00958462,0.0567648,0.0323324
872077,2025-02-03 19:30:56.402,-0.0389153,0.0430655,0.0250025
872078,2025-02-03 19:30:56.407,-0.0711986,0.0287194,0.0164156
872079,2025-02-03 19:30:56.411,-0.0981817,0.0027082,0.00787926
872080,2025-02-03 19:30:56.417,-0.123553,0.0115173,0.0539656
872081,2025-02-03 19:30:56.421,-0.122457,-0.00704145,0.0937328
872082,2025-02-03 19:30:56.426,-0.11534,-0.00415874,0.113019
872083,2025-02-03 19:30:56.431,-0.118807,0.00924873,0.141688
872084,2025-02-03 19:30:56.435,-0.117428,0.00215793,0.158319
872085,2025-02-03 19:30:56.441,-0.110013,0.0233057,0.158295
872086,2025-02-03 19:30:56.444,-0.118335,0.0061121,0.126271
872087,2025-02-03 19:30:56.449,-0.130555,0.0031786,0.121851
872088,2025-02-03 19:30:56.454,-0.139684,0.00959873,0.102076
872089,2025-02-03 19:30:56.458,-0.182698,0.00771928,0.103791
872090,2025-02-03 19:30:56.463,-0.19022,0.00450945,0.104346
872091,2025-02-03 19:30:56.469,-0.194486,-0.00839567,0.112081
872092,2025-02-03 19:30:56.474,-0.164445,-0.0176105,0.117367
872093,2025-02-03 19:30:56.477,-0.126383,-0.0266733,0.115461
872094,2025-02-03 19:30:56.482,-0.0968086,-0.0437789,0.12657
872095,2025-02-03 19:30:56.488,-0.0766257,-0.0488741,0.170835
872096,2025-02-03 19:30:56.491,-0.0808586,-0.0336454,0.183853
872097,2025-02-03 19:30:56.497,-0.0808614,-0.0315144,0.170634
872098,2025-02-03 19:30:56.502,-0.0780039,-0.0304484,0.156306
872099,2025-02-03 19:30:56.51,-0.0624233,-0.0156472,0.119516
872100,2025-02-03 19:30:56.515,-0.0808392,-0.0105562,0.124421
872101,2025-02-03 19:30:56.516,-0.0808392,-0.0105562,0.124421
872102,2025-02-03 19:30:56.52,-0.0696534,-0.0243106,0.141088
872103,2025-02-03 19:30:56.524,-0.0719207,-0.0200698,0.152835
872104,2025-02-03 19:30:56.529,-0.0506781,-0.00754571,0.158537
872105,2025-02-03 19:30:56.534,-0.0169309,0.00127053,0.186751
872106,2025-02-03 19:30:56.539,0.000920534,0.00485015,0.220795
872107,2025-02-03 19:30:56.543,0.0136145,0.017519,0.223806
872108,2025-02-03 19:30:56.548,0.0414037,0.0227289,0.237545
872109,2025-02-03 19:30:56.554,0.0699218,0.0254056,0.208467
872110,2025-02-03 19:30:56.557,0.0923487,0.0374162,0.177304
872111,2025-02-03 19:30:56.562,0.112369,0.0480781,0.134555
872112,2025-02-03 19:30:56.567,0.119385,0.0656369,0.0969601
872113,2025-02-03 19:30:56.572,0.102539,0.0665364,0.0655794
872114,2025-02-03 19:30:56.576,0.104983,0.0629435,0.0153847
872115,2025-02-03 19:30:56.582,0.0648102,0.0465579,-0.0344639
872116,2025-02-03 19:30:56.587,0.0238604,0.0472097,-0.0733042
872117,2025-02-03 19:30:56.59,0.00218041,0.0694818,-0.101223
872118,2025-02-03 19:30:56.595,-0.0111424,0.0741215,-0.134965
872119,2025-02-03 19:30:56.6,-0.0126478,0.0894945,-0.119788
872120,2025-02-03 19:30:56.605,-0.0119823,0.0825067,-0.0917902
872121,2025-02-03 19:30:56.609,0.015742,0.0685825,-0.0545769
872122,2025-02-03 19:30:56.614,0.042048,0.0880141,-0.0105534
872123,2025-02-03 19:30:56.619,0.0860444,0.0871575,0.0295277
872124,2025-02-03 19:30:56.624,0.0775851,0.0885563,0.0645714
872125,2025-02-03 19:30:56.628,0.0693075,0.094593,0.0839262
872126,2025-02-03 19:30:56.633,0.0682812,0.113693,0.0959806
872127,2025-02-03 19:30:56.637,0.0398424,0.113409,0.085454
872128,2025-02-03 19:30:56.642,0.01271,0.11322,0.058363
872129,2025-02-03 19:30:56.647,0.0080186,0.101399,0.0515909
872130,2025-02-03 19:30:56.651,-0.00498746,0.108777,0.0365295
872131,2025-02-03 19:30:56.657,0.00567675,0.123597,0.0440207
872132,2025-02-03 19:30:56.662,-0.00382429,0.132503,0.04072
872133,2025-02-03 19:30:56.667,-0.00361188,0.120179,0.0682478
872134,2025-02-03 19:30:56.67,0.000375569,0.12003,0.108544
872135,2025-02-03 19:30:56.675,-0.00985965,0.0938344,0.160356
872136,2025-02-03 19:30:56.68,-0.0521044,0.0764267,0.19859
872137,2025-02-03 19:30:56.685,-0.0773039,0.0554583,0.256738
872138,2025-02-03 19:30:56.69,-0.120129,0.0428262,0.320384
872139,2025-02-03 19:30:56.695,-0.166173,0.0228968,0.388338
872140,2025-02-03 19:30:56.7,-0.185655,0.00384283,0.434515
872141,2025-02-03 19:30:56.703,-0.213241,-0.0237107,0.486358
872142,2025-02-03 19:30:56.709,-0.204677,-0.0207298,0.4881
872143,2025-02-03 19:30:56.713,-0.190262,-0.031193,0.453143
872144,2025-02-03 19:30:56.718,-0.175935,-0.0250356,0.41732
872145,2025-02-03 19:30:56.722,-0.143958,-0.00460958,0.374648
872146,2025-02-03 19:30:56.727,-0.115731,0.00839353,0.319318
872147,2025-02-03 19:30:56.733,-0.082916,0.0225668,0.267982
872148,2025-02-03 19:30:56.736,-0.0442929,0.0261781,0.220562
872149,2025-02-03 19:30:56.741,-0.0641813,0.015636,0.167562
872150,2025-02-03 19:30:56.746,-0.052003,0.0304022,0.151704
872151,2025-02-03 19:30:56.75,-0.0493754,0.0168591,0.148942
872152,2025-02-03 19:30:56.756,-0.0598667,0.0283701,0.15213
872153,2025-02-03 19:30:56.761,-0.0809487,0.00675488,0.157601
872154,2025-02-03 19:30:56.765,-0.120607,-0.00750709,0.195067
872155,2025-02-03 19:30:56.769,-0.149264,-0.018229,0.228703
872156,2025-02-03 19:30:56.775,-0.160889,-0.0087955,0.244297
872157,2025-02-03 19:30:56.78,-0.165302,-0.00554204,0.227762
872158,2025-02-03 19:30:56.784,-0.159188,-5.48363e-05,0.199526
872159,2025-02-03 19:30:56.788,-0.137016,0.000685453,0.163187
872160,2025-02-03 19:30:56.794,-0.102559,0.0287981,0.14373
872161,2025-02-03 19:30:56.799,-0.0818722,0.062638,0.148157
872162,2025-02-03 19:30:56.802,-0.0509802,0.104638,0.135878
872163,2025-02-03 19:30:56.807,-0.0122925,0.124976,0.174721
872164,2025-02-03 19:30:56.813,0.0437282,0.116779,0.185894
872165,2025-02-03 19:30:56.817,0.0980999,0.11334,0.224298
872166,2025-02-03 19:30:56.821,0.120088,0.124232,0.264739
872167,2025-02-03 19:30:56.827,0.113641,0.117192,0.298927
872168,2025-02-03 19:30:56.83,0.119473,0.0994513,0.347107
872169,2025-02-03 19:30:56.836,0.118462,0.0866616,0.362828
872170,2025-02-03 19:30:56.841,0.113008,0.0774629,0.393882
872171,2025-02-03 19:30:56.846,0.0864363,0.072823,0.416456
872172,2025-02-03 19:30:56.849,0.0652701,0.0739975,0.429408
872173,2025-02-03 19:30:56.854,0.0338858,0.0667949,0.438716
872174,2025-02-03 19:30:56.86,0.0267375,0.0605817,0.448034
872175,2025-02-03 19:30:56.863,0.031567,0.0553777,0.425299
872176,2025-02-03 19:30:56.868,0.0232446,0.0654724,0.395685
872177,2025-02-03 19:30:56.873,0.0360809,0.0705969,0.358047
872178,2025-02-03 19:30:56.878,0.0554375,0.0957637,0.339733
872179,2025-02-03 19:30:56.882,0.0731192,0.114587,0.307383
872180,2025-02-03 19:30:56.888,0.109253,0.12599,0.2789
872181,2025-02-03 19:30:56.892,0.139256,0.135903,0.262595
872182,2025-02-03 19:30:56.896,0.148918,0.142049,0.236972
872183,2025-02-03 19:30:56.901,0.164544,0.144494,0.193785
872184,2025-02-03 19:30:56.906,0.164691,0.144621,0.14619
872185,2025-02-03 19:30:56.912,0.139896,0.149579,0.0835304
872186,2025-02-03 19:30:56.915,0.112859,0.137897,0.0261354
872187,2025-02-03 19:30:56.921,0.0691707,0.143395,-0.0309353
872188,2025-02-03 19:30:56.925,0.0494584,0.138618,-0.0758085
872189,2025-02-03 19:30:56.929,0.0595412,0.132065,-0.0967464
872190,2025-02-03 19:30:56.935,0.0587851,0.105903,-0.0939341
872191,2025-02-03 19:30:56.939,0.0662851,0.0994196,-0.0473766
872192,2025-02-03 19:30:56.945,0.0713312,0.0790887,0.0283623
872193,2025-02-03 19:30:56.949,0.0551028,0.0853107,0.114071
872194,2025-02-03 19:30:56.953,0.0536681,0.0928283,0.21208
872195,2025-02-03 19:30:56.959,0.0694234,0.0789185,0.293854
872196,2025-02-03 19:30:56.963,0.0853476,0.0388496,0.376188
872197,2025-02-03 19:30:56.968,0.0421654,0.0449224,0.481743
872198,2025-02-03 19:30:56.972,-0.0131509,0.0588121,0.526031
872199,2025-02-03 19:30:56.977,-0.0213768,0.0531418,0.476319
872200,2025-02-03 19:30:56.981,-0.0604497,0.048373,0.425943
872201,2025-02-03 19:30:56.986,-0.0939248,0.0434532,0.3606
872202,2025-02-03 19:30:56.991,-0.150281,0.0561092,0.319618
872203,2025-02-03 19:30:56.995,-0.185663,0.0685327,0.28731
872204,2025-02-03 19:30:57.001,-0.183233,0.0818892,0.250562
872205,2025-02-03 19:30:57.005,-0.134925,0.0773373,0.221231
872206,2025-02-03 19:30:57.01,-0.0826839,0.0944009,0.21581
872207,2025-02-03 19:30:57.014,-0.00830434,0.125648,0.203287
872208,2025-02-03 19:30:57.02,0.0538211,0.150997,0.210959
872209,2025-02-03 19:30:57.024,0.0946055,0.171539,0.213781
872210,2025-02-03 19:30:57.028,0.124947,0.183964,0.209353
872211,2025-02-03 19:30:57.033,0.128162,0.182328,0.215564
872212,2025-02-03 19:30:57.038,0.128061,0.192806,0.216906
872213,2025-02-03 19:30:57.042,0.122195,0.189224,0.214592
872214,2025-02-03 19:30:57.047,0.0855386,0.187006,0.225309
872215,2025-02-03 19:30:57.052,0.021725,0.17782,0.265567
872216,2025-02-03 19:30:57.057,0.00938152,0.144888,0.310262
872217,2025-02-03 19:30:57.061,-0.0362359,0.122604,0.354681
872218,2025-02-03 19:30:57.067,-0.0815583,0.0987961,0.403644
872219,2025-02-03 19:30:57.071,-0.111168,0.0925467,0.447589
872220,2025-02-03 19:30:57.075,-0.126339,0.0786476,0.453365
872221,2025-02-03 19:30:57.08,-0.118968,0.0713146,0.437938
872222,2025-02-03 19:30:57.085,-0.105995,0.0719481,0.407331
872223,2025-02-03 19:30:57.09,-0.0544848,0.0686643,0.348589
872224,2025-02-03 19:30:57.094,-0.0429108,0.0972321,0.303462
872225,2025-02-03 19:30:57.1,-0.0565188,0.135977,0.251673
872226,2025-02-03 19:30:57.105,-0.0580204,0.150674,0.178946
872227,2025-02-03 19:30:57.108,-0.0262389,0.154673,0.0877972
872228,2025-02-03 19:30:57.114,0.0160557,0.149482,0.000864029
872229,2025-02-03 19:30:57.118,0.0284101,0.160157,-0.0391722
872230,2025-02-03 19:30:57.123,0.0207165,0.184085,-0.0231667
872231,2025-02-03 19:30:57.127,0.021744,0.194905,0.0615129
872232,2025-02-03 19:30:57.132,0.0904916,0.162123,0.0610762
872233,2025-02-03 19:30:57.137,0.150507,0.122926,0.0438862
872234,2025-02-03 19:30:57.142,0.180777,0.13312,0.108629
872235,2025-02-03 19:30:57.146,0.141433,0.155279,0.204838
872236,2025-02-03 19:30:57.152,0.108913,0.173788,0.306158
872237,2025-02-03 19:30:57.156,0.0868043,0.161241,0.378168
872238,2025-02-03 19:30:57.16,0.0890398,0.138076,0.403299
872239,2025-02-03 19:30:57.166,0.0784367,0.126922,0.418748
872240,2025-02-03 19:30:57.171,0.0359361,0.109668,0.422278
872241,2025-02-03 19:30:57.174,0.0282683,0.104211,0.431787
872242,2025-02-03 19:30:57.18,0.0181114,0.113918,0.444877
872243,2025-02-03 19:30:57.184,0.00895374,0.0947962,0.451999
872244,2025-02-03 19:30:57.188,0.0697093,0.109909,0.412876
872245,2025-02-03 19:30:57.194,0.125161,0.118706,0.378906
872246,2025-02-03 19:30:57.198,0.170527,0.123712,0.372571
872247,2025-02-03 19:30:57.203,0.194217,0.12837,0.352144
872248,2025-02-03 19:30:57.207,0.205881,0.155427,0.308185
872249,2025-02-03 19:30:57.212,0.204387,0.165616,0.228985
872250,2025-02-03 19:30:57.218,0.18637,0.167588,0.148019
872251,2025-02-03 19:30:57.221,0.170787,0.155381,0.0926256
872252,2025-02-03 19:30:57.227,0.174057,0.134129,0.0447006
872253,2025-02-03 19:30:57.231,0.177272,0.144243,0.00775433
872254,2025-02-03 19:30:57.237,0.164141,0.141391,0.0102377
872255,2025-02-03 19:30:57.24,0.138526,0.131602,0.0269012
872256,2025-02-03 19:30:57.245,0.0803172,0.0981643,0.0541134
872257,2025-02-03 19:30:57.251,0.00869352,0.0625515,0.0835047
872258,2025-02-03 19:30:57.254,-0.0528084,0.0368495,0.0746288
872259,2025-02-03 19:30:57.259,-0.0747298,0.0220847,0.0527573
872260,2025-02-03 19:30:57.265,-0.10509,0.00265121,0.0429459
872261,2025-02-03 19:30:57.269,-0.114187,0.00362563,0.0521812
872262,2025-02-03 19:30:57.273,-0.0963488,0.0116212,0.0423698
872263,2025-02-03 19:30:57.279,-0.0766302,0.00882769,0.0646963
872264,2025-02-03 19:30:57.284,-0.0371791,0.0203447,0.0868187
872265,2025-02-03 19:30:57.288,0.0170056,0.0294375,0.105174
872266,2025-02-03 19:30:57.293,0.0582841,0.035018,0.116201
872267,2025-02-03 19:30:57.297,0.0680523,0.0227365,0.149688
872268,2025-02-03 19:30:57.302,0.0822349,0.00467896,0.169815
872269,2025-02-03 19:30:57.306,0.0606538,0.0188522,0.171957
872270,2025-02-03 19:30:57.311,0.0321602,0.0184634,0.151591
872271,2025-02-03 19:30:57.317,-0.0148211,0.0048461,0.142142
872272,2025-02-03 19:30:57.32,-0.0884651,0.0170913,0.144764
872273,2025-02-03 19:30:57.325,-0.167104,0.0088985,0.11181
872274,2025-02-03 19:30:57.33,-0.203374,0.0113561,0.060173
872275,2025-02-03 19:30:57.335,-0.228435,0.0219734,0.000702858
872276,2025-02-03 19:30:57.339,-0.224636,0.0528233,-0.0345726
872277,2025-02-03 19:30:57.344,-0.20796,0.0612586,-0.069685
872278,2025-02-03 19:30:57.349,-0.177441,0.0960848,-0.0749435
872279,2025-02-03 19:30:57.353,-0.135512,0.136947,-0.0577345
872280,2025-02-03 19:30:57.359,-0.0943416,0.151878,0.00782204
872281,2025-02-03 19:30:57.363,-0.0356932,0.151785,0.0809698
872282,2025-02-03 19:30:57.367,0.010477,0.136548,0.197333
872283,2025-02-03 19:30:57.373,0.0385252,0.132235,0.27352
872284,2025-02-03 19:30:57.377,0.0533732,0.105476,0.362107
872285,2025-02-03 19:30:57.382,0.062083,0.0941508,0.474957
872286,2025-02-03 19:30:57.387,0.0362306,0.0778644,0.528794
872287,2025-02-03 19:30:57.392,0.0245587,0.0530839,0.570413
872288,2025-02-03 19:30:57.396,-0.00624765,0.0254622,0.563227
872289,2025-02-03 19:30:57.4,-0.0359078,0.00725698,0.518209
872290,2025-02-03 19:30:57.405,-0.0698117,-0.0209966,0.478546
872291,2025-02-03 19:30:57.411,-0.0961748,-0.0365276,0.41922
872292,2025-02-03 19:30:57.415,-0.10548,-0.019062,0.358139
872293,2025-02-03 19:30:57.419,-0.11085,-0.00691533,0.272781
872294,2025-02-03 19:30:57.425,-0.0931408,-0.000988245,0.181082
872295,2025-02-03 19:30:57.43,-0.0977298,0.00706863,0.0807209
872296,2025-02-03 19:30:57.433,-0.0653169,0.0295408,-0.00225449
872297,2025-02-03 19:30:57.438,-0.0517609,0.0424747,-0.0845785
872298,2025-02-03 19:30:57.443,-0.0414949,0.0591407,-0.152054
872299,2025-02-03 19:30:57.448,-0.052505,0.0678542,-0.168077
872300,2025-02-03 19:30:57.452,-0.0220786,0.0781124,-0.22091
872301,2025-02-03 19:30:57.457,0.0172129,0.110178,-0.260423
872302,2025-02-03 19:30:57.462,0.0784231,0.147296,-0.265374
872303,2025-02-03 19:30:57.466,0.104421,0.1526,-0.222985
872304,2025-02-03 19:30:57.472,0.12301,0.167538,-0.162016
872305,2025-02-03 19:30:57.477,0.137646,0.160088,-0.0874109
872306,2025-02-03 19:30:57.481,0.124604,0.111291,0.01264
872307,2025-02-03 19:30:57.486,0.0794562,0.0807269,0.121343
872308,2025-02-03 19:30:57.491,0.0238117,0.0752246,0.212554
872309,2025-02-03 19:30:57.496,-0.0207891,0.0482802,0.255562
872310,2025-02-03 19:30:57.5,-0.0567975,0.0118179,0.281671
872311,2025-02-03 19:30:57.505,-0.100856,-0.00788379,0.285057
872312,2025-02-03 19:30:57.51,-0.105422,-0.0265062,0.277821
872313,2025-02-03 19:30:57.513,-0.114541,-0.0380287,0.267144
872314,2025-02-03 19:30:57.519,-0.107867,-0.0342684,0.235275
872315,2025-02-03 19:30:57.523,-0.110577,-0.0305436,0.17756
872316,2025-02-03 19:30:57.528,-0.105813,-0.0342844,0.127557
872317,2025-02-03 19:30:57.532,-0.0973006,-0.0273271,0.0803556
872318,2025-02-03 19:30:57.538,-0.095837,-0.0227494,0.0145397
872319,2025-02-03 19:30:57.542,-0.0872724,-0.0132582,-0.0199289
872320,2025-02-03 19:30:57.547,-0.0585451,0.000942945,-0.0386915
872321,2025-02-03 19:30:57.551,-0.0370846,0.00799656,-0.0252743
872322,2025-02-03 19:30:57.556,-0.0299757,0.0222218,-0.015563
872323,2025-02-03 19:30:57.562,-0.0122517,0.0198455,0.0106411
872324,2025-02-03 19:30:57.565,-0.00901067,0.0283215,0.0448866
872325,2025-02-03 19:30:57.57,0.00118622,0.0356753,0.0752373
872326,2025-02-03 19:30:57.575,0.00633359,0.0477028,0.119581
872327,2025-02-03 19:30:57.579,-0.00293736,0.0513344,0.157613
872328,2025-02-03 19:30:57.584,0.00570677,0.0489728,0.191775
872329,2025-02-03 19:30:57.589,0.0320399,0.0608628,0.228031
872330,2025-02-03 19:30:57.595,0.0617319,0.0722773,0.247488
872331,2025-02-03 19:30:57.598,0.047192,0.0501959,0.2609
872332,2025-02-03 19:30:57.604,0.0624768,0.0600126,0.270746
872333,2025-02-03 19:30:57.608,0.0609798,0.0683417,0.250906
872334,2025-02-03 19:30:57.613,0.0560017,0.0681026,0.228917
872335,2025-02-03 19:30:57.617,0.0344966,0.0629253,0.170379
872336,2025-02-03 19:30:57.622,0.0167636,0.0707538,0.118294
872337,2025-02-03 19:30:57.626,0.000365928,0.0796895,0.0737705
872338,2025-02-03 19:30:57.632,-0.0136196,0.0768538,0.0224361
872339,2025-02-03 19:30:57.636,0.0080068,0.0764821,-0.00831318
872340,2025-02-03 19:30:57.642,0.00558953,0.0501332,-0.0210466
872341,2025-02-03 19:30:57.645,0.00550352,0.0679929,-0.00639534
872342,2025-02-03 19:30:57.65,0.0388227,0.0537081,-0.0037508
872343,2025-02-03 19:30:57.655,0.053267,0.0586736,-0.0177822
872344,2025-02-03 19:30:57.659,0.0750325,0.0554128,-0.000865936
872345,2025-02-03 19:30:57.665,0.0752484,0.0581989,0.0135069
872346,2025-02-03 19:30:57.67,0.0530016,0.0633662,0.0360622
872347,2025-02-03 19:30:57.674,0.0474509,0.0674119,0.0512695
872348,2025-02-03 19:30:57.678,0.0523948,0.0642765,0.0497332
872349,2025-02-03 19:30:57.683,0.0511764,0.0387919,0.0410252
872350,2025-02-03 19:30:57.689,0.0507036,0.0326087,0.051342
872351,2025-02-03 19:30:57.692,0.0748062,0.0479813,0.062706
872352,2025-02-03 19:30:57.698,0.0855552,0.0680289,0.0715809
872353,2025-02-03 19:30:57.702,0.105652,0.0571015,0.113603
872354,2025-02-03 19:30:57.707,0.115171,0.0604594,0.129179
872355,2025-02-03 19:30:57.711,0.12443,0.0494936,0.15651
872356,2025-02-03 19:30:57.717,0.125373,0.045583,0.187228
872357,2025-02-03 19:30:57.721,0.090591,0.0346107,0.220052
872358,2025-02-03 19:30:57.726,0.0420842,0.0378263,0.226541
872359,2025-02-03 19:30:57.731,-0.00471357,0.0302081,0.212839
872360,2025-02-03 19:30:57.736,-0.0331709,0.0176077,0.198163
872361,2025-02-03 19:30:57.74,-0.0556446,0.0156713,0.143285
872362,2025-02-03 19:30:57.744,-0.066109,-0.0029788,0.0948353
872363,2025-02-03 19:30:57.749,-0.0695534,0.00219893,0.0812321
872364,2025-02-03 19:30:57.754,-0.072865,0.0202286,0.047617
872365,2025-02-03 19:30:57.758,-0.0619398,0.0320222,0.0285778
872366,2025-02-03 19:30:57.763,-0.034509,0.0341263,0.00616455
872367,2025-02-03 19:30:57.769,-0.0206721,0.0337708,0.00769711
872368,2025-02-03 19:30:57.773,-0.00069572,0.0202413,0.0116119
872369,2025-02-03 19:30:57.777,0.0489321,-0.0412829,0.0892506
872370,2025-02-03 19:30:57.782,-0.071379,-0.0498013,0.348124
872371,2025-02-03 19:30:57.787,-0.199379,0.05481,0.451999
872372,2025-02-03 19:30:57.791,-0.140676,0.110462,0.315455
872373,2025-02-03 19:30:57.797,0.0186465,0.0826392,0.0755892
872374,2025-02-03 19:30:57.801,0.128509,0.00950623,-0.103159
872375,2025-02-03 19:30:57.805,0.12612,-0.0264683,-0.1905
872376,2025-02-03 19:30:57.81,0.102829,-0.00174713,-0.291693
872377,2025-02-03 19:30:57.816,0.0590881,0.0309556,-0.35914
872378,2025-02-03 19:30:57.82,0.0294041,0.0489647,-0.382427
872379,2025-02-03 19:30:57.824,0.0110493,0.0330989,-0.334521
872380,2025-02-03 19:30:57.829,0.0275891,0.0296795,-0.269348
872381,2025-02-03 19:30:57.835,0.0339617,0.0383914,-0.21428
872382,2025-02-03 19:30:57.838,0.0368502,0.0519013,-0.164457
872383,2025-02-03 19:30:57.843,0.0790861,0.0665843,-0.104393
872384,2025-02-03 19:30:57.848,0.104223,0.0715029,-0.0234184
872385,2025-02-03 19:30:57.854,0.132504,0.0928156,0.0272636
872386,2025-02-03 19:30:57.857,0.143711,0.0830922,0.0395327
872387,2025-02-03 19:30:57.863,0.127233,0.0661423,0.0790558
872388,2025-02-03 19:30:57.868,0.108043,0.0409312,0.138453
872389,2025-02-03 19:30:57.872,0.0662225,0.0229347,0.186707
872390,2025-02-03 19:30:57.876,-0.00616702,0.0107081,0.221602
872391,2025-02-03 19:30:57.882,-0.0767072,-0.0123601,0.242051
872392,2025-02-03 19:30:57.886,-0.118182,-0.0116091,0.244559
872393,2025-02-03 19:30:57.891,-0.140416,-0.00169683,0.254275
872394,2025-02-03 19:30:57.896,-0.170937,-0.000384569,0.255667
872395,2025-02-03 19:30:57.901,-0.180047,0.0173566,0.271347
872396,2025-02-03 19:30:57.905,-0.164324,0.0405972,0.259685
872397,2025-02-03 19:30:57.909,-0.129969,0.0670943,0.229159
872398,2025-02-03 19:30:57.915,-0.0688596,0.0730956,0.208412
872399,2025-02-03 19:30:57.919,-0.0166831,0.0742841,0.199711
872400,2025-02-03 19:30:57.924,0.0219549,0.0801873,0.206521
872401,2025-02-03 19:30:57.929,0.0664672,0.0943666,0.216837
872402,2025-02-03 19:30:57.934,0.0575788,0.095345,0.210462
872403,2025-02-03 19:30:57.937,0.053991,0.0749793,0.211259
872404,2025-02-03 19:30:57.942,0.0304521,0.0643346,0.187106
872405,2025-02-03 19:30:57.947,0.00260499,0.0479665,0.139379
872406,2025-02-03 19:30:57.952,-0.00701322,0.00201583,0.0801926
872407,2025-02-03 19:30:57.956,-0.0133155,-0.022119,0.0452175
872408,2025-02-03 19:30:57.962,-0.00189014,-0.0294888,0.0449734
872409,2025-02-03 19:30:57.966,-0.0450342,-0.0214744,0.0566406
872410,2025-02-03 19:30:57.971,-0.0910624,-0.0136497,0.0860615
872411,2025-02-03 19:30:57.976,-0.0677711,-0.022481,0.0546894
872412,2025-02-03 19:30:57.981,-0.0232384,-0.0217149,0.00932598
872413,2025-02-03 19:30:57.984,-0.011241,-0.0279832,-0.0428162
872414,2025-02-03 19:30:57.99,0.000335068,-0.0232167,-0.0910654
872415,2025-02-03 19:30:57.995,-0.00615892,-0.0146854,-0.0986347
872416,2025-02-03 19:30:57.999,0.0193168,-0.0120523,-0.0741272
872417,2025-02-03 19:30:58.004,0.0114052,-0.00818563,-0.040349
872418,2025-02-03 19:30:58.009,0.00138059,-0.0104101,-0.00680828
872419,2025-02-03 19:30:58.013,0.0130013,-0.0186999,0.0217552
872420,2025-02-03 19:30:58.018,0.00558203,-0.0116527,0.0442028
872421,2025-02-03 19:30:58.022,-0.00899243,-0.0167272,0.0677099
872422,2025-02-03 19:30:58.028,-0.0519165,-0.00761104,0.0684977
872423,2025-02-03 19:30:58.032,-0.0649147,-0.00808191,0.036046
872424,2025-02-03 19:30:58.036,-0.0505919,-0.0191932,0.00622368
872425,2025-02-03 19:30:58.041,-0.0293387,-0.00749445,-0.0162821
872426,2025-02-03 19:30:58.047,-0.0119054,-0.00991917,-0.016119
872427,2025-02-03 19:30:58.05,0.0302472,0.00339437,-0.0208015
872428,2025-02-03 19:30:58.055,0.0365812,0.0229273,-0.0160742
872429,2025-02-03 19:30:58.06,0.0429841,0.0199888,-0.00909233
872430,2025-02-03 19:30:58.066,0.0508512,-0.0040338,0.0369263
872431,2025-02-03 19:30:58.069,0.0494053,-0.00760746,0.0991602
872432,2025-02-03 19:30:58.074,0.0304323,-0.00402904,0.150198
872433,2025-02-03 19:30:58.079,-0.0213484,-0.0101407,0.183061
872434,2025-02-03 19:30:58.083,-0.0560242,-0.0211129,0.216892
872435,2025-02-03 19:30:58.088,-0.0903779,-0.0429931,0.235113
872436,2025-02-03 19:30:58.093,-0.113924,-0.0245903,0.214093
872437,2025-02-03 19:30:58.098,-0.132788,-0.0090301,0.219461
872438,2025-02-03 19:30:58.103,-0.128202,-0.017684,0.204712
872439,2025-02-03 19:30:58.107,-0.116798,-0.013413,0.193708
872440,2025-02-03 19:30:58.113,-0.109268,0.00842261,0.157932
872441,2025-02-03 19:30:58.117,-0.106758,0.0025146,0.136781
872442,2025-02-03 19:30:58.121,-0.0841374,0.0108583,0.112257
872443,2025-02-03 19:30:58.127,-0.0415625,0.0393958,0.0784121
872444,2025-02-03 19:30:58.13,-0.0052374,0.0442419,0.0233898
872445,2025-02-03 19:30:58.135,0.0166299,0.0574274,-0.0133886
872446,2025-02-03 19:30:58.14,0.0279438,0.0696049,-0.0392685
872447,2025-02-03 19:30:58.145,0.0418319,0.0629752,-0.0923223
872448,2025-02-03 19:30:58.15,0.0512727,0.0424166,-0.108216
872449,2025-02-03 19:30:58.154,0.0598696,0.0352111,-0.084837
872450,2025-02-03 19:30:58.159,0.0281838,0.0282962,-0.0593529
872451,2025-02-03 19:30:58.164,-0.00558837,0.0334034,-0.0317354
872452,2025-02-03 19:30:58.169,-0.0273578,0.0111084,0.0134726
872453,2025-02-03 19:30:58.173,-0.0706301,0.00553513,0.0393333
872454,2025-02-03 19:30:58.179,-0.0712101,0.00338936,0.0911465
872455,2025-02-03 19:30:58.183,-0.0591945,-0.00026679,0.128387
872456,2025-02-03 19:30:58.188,-0.0524759,-0.00539422,0.14286
872457,2025-02-03 19:30:58.193,-0.0309221,-0.00834942,0.141851
872458,2025-02-03 19:30:58.197,0.0138304,0.00983024,0.113627
872459,2025-02-03 19:30:58.202,0.0522378,0.00149655,0.085721
872460,2025-02-03 19:30:58.206,0.0762801,0.00735641,0.0462179
872461,2025-02-03 19:30:58.211,0.111227,0.0166903,-0.0012455
872462,2025-02-03 19:30:58.215,0.102428,0.00470185,-0.0614052
872463,2025-02-03 19:30:58.22,0.0787152,0.0298991,-0.142516
872464,2025-02-03 19:30:58.225,0.0471631,0.0340497,-0.226684
872465,2025-02-03 19:30:58.229,0.0301692,0.0400319,-0.296128
872466,2025-02-03 19:30:58.234,-0.000886962,0.0548849,-0.347388
872467,2025-02-03 19:30:58.24,-0.0236146,0.0525682,-0.387792
872468,2025-02-03 19:30:58.244,-0.034495,0.0394731,-0.71786
872469,2025-02-03 19:30:58.253,0.00934424,0.0413713,-0.474432
872470,2025-02-03 19:30:58.259,0.0255249,0.0346074,-0.243967
872471,2025-02-03 19:30:58.268,0.0895577,-0.00377703,0.0338516
872472,2025-02-03 19:30:58.268,0.0895577,-0.00377703,0.0338516
872473,2025-02-03 19:30:58.268,0.0895577,-0.00377703,0.0338516
872474,2025-02-03 19:30:58.281,0.081997,-0.0193603,0.381241
872475,2025-02-03 19:30:58.281,0.081997,-0.0193603,0.381241
872476,2025-02-03 19:30:58.287,0.0140237,-0.023421,0.464987
872477,2025-02-03 19:30:58.291,-0.0504027,0.0183456,0.498334
872479,2025-02-03 19:30:58.295,-0.107039,0.0236218,0.495947
872478,2025-02-03 19:30:58.296,-0.107039,0.0236218,0.495947
872480,2025-02-03 19:30:58.301,-0.116754,0.0235202,0.449834
872481,2025-02-03 19:30:58.305,-0.162829,-0.0056417,0.458882
872482,2025-02-03 19:30:58.309,-0.195661,-0.00923753,0.490664
872483,2025-02-03 19:30:58.315,-0.185226,-0.00153399,0.497451
872484,2025-02-03 19:30:58.32,-0.15557,-0.00512671,0.486559
872485,2025-02-03 19:30:58.324,-0.132855,0.0169988,0.422482
872486,2025-02-03 19:30:58.329,-0.0907839,0.0361674,0.374511
872487,2025-02-03 19:30:58.334,-0.0260748,0.057286,0.362645
872488,2025-02-03 19:30:58.338,0.0621876,0.0720599,0.390132
872489,2025-02-03 19:30:58.342,0.116908,0.101773,0.42108
872490,2025-02-03 19:30:58.347,0.165561,0.145279,0.385365
872491,2025-02-03 19:30:58.353,0.164019,0.142099,0.26449
872492,2025-02-03 19:30:58.357,0.175309,0.129601,0.0923376
